SE_Pentagon.avi.txt#SE_Pentagon#0#33.0,0.0,0.0,0.0,0.0,0.0,0.0,1.0,1.0,22.0,0.0,0.0,0.0,0.0,0.0,0.0,0.0,0.0,27.0,0.0,1.0,0.0,0.0,0.0,0.0,0.0,1.0,28.0,0.0,0.0,0.0,0.0,0.0,1.0,0.0,1.0,13.0,0.0,0.0,0.0,0.0,0.0,0.0,0.0,0.0,23.0,1.0,0.0,0.0,0.0,0.0,0.0,0.0,1.0,28.0,0.0,0.0,0.0,0.0,0.0,0.0,0.0,1.0,12.0,
SE_Pentagon.avi.txt#SE_Pentagon#0#0.0,0.0,0.0,0.0,0.0,0.0,0.0,0.0,0.0,0.0,0.0,0.0,0.0,0.0,0.0,0.0,0.0,0.0,0.0,0.0,0.0,0.0,0.0,0.0,0.0,0.0,0.0,29.0,1.0,0.0,0.0,0.0,0.0,0.0,0.0,0.0,12.0,0.0,0.0,0.0,0.0,0.0,0.0,0.0,0.0,0.0,0.0,0.0,0.0,0.0,0.0,0.0,0.0,0.0,0.0,0.0,0.0,0.0,0.0,0.0,0.0,0.0,0.0,0.0,
SE_Triangle.avi.txt#SE_Triangle#0#25.0,0.0,0.0,0.0,1.0,0.0,0.0,0.0,0.0,0.0,0.0,0.0,0.0,0.0,0.0,0.0,0.0,0.0,71.0,0.0,0.0,0.0,0.0,1.0,0.0,0.0,0.0,0.0,0.0,0.0,0.0,0.0,0.0,0.0,0.0,0.0,0.0,0.0,0.0,0.0,0.0,0.0,1.0,0.0,0.0,71.0,0.0,0.0,0.0,0.0,0.0,0.0,0.0,0.0,0.0,0.0,1.0,0.0,0.0,0.0,0.0,0.0,0.0,22.0,
SE_Triangle.avi.txt#SE_Triangle#0#0.0,0.0,0.0,0.0,0.0,0.0,0.0,0.0,0.0,0.0,0.0,0.0,0.0,0.0,0.0,0.0,0.0,0.0,0.0,0.0,0.0,0.0,0.0,0.0,0.0,0.0,0.0,0.0,0.0,0.0,0.0,0.0,0.0,0.0,0.0,0.0,0.0,0.0,0.0,0.0,0.0,0.0,0.0,0.0,0.0,17.0,0.0,0.0,0.0,0.0,0.0,0.0,0.0,0.0,0.0,0.0,0.0,0.0,0.0,0.0,0.0,0.0,0.0,0.0,
SE_Simple_Harmonic_Motion.avi.txt#SE_Simple_Harmonic_Motion#0#0.0,0.0,0.0,0.0,0.0,0.0,0.0,0.0,0.0,34.0,0.0,0.0,0.0,0.0,1.0,0.0,0.0,0.0,34.0,0.0,1.0,0.0,0.0,0.0,0.0,0.0,0.0,0.0,0.0,0.0,0.0,0.0,0.0,0.0,0.0,0.0,3.0,1.0,0.0,0.0,0.0,0.0,1.0,0.0,0.0,32.0,1.0,0.0,0.0,1.0,0.0,0.0,1.0,1.0,101.0,0.0,0.0,0.0,0.0,0.0,0.0,0.0,1.0,6.0,
SE_Simple_Harmonic_Motion.avi.txt#SE_Simple_Harmonic_Motion#0#3.0,0.0,0.0,0.0,0.0,0.0,0.0,1.0,1.0,31.0,0.0,0.0,0.0,0.0,0.0,0.0,0.0,0.0,35.0,0.0,1.0,0.0,0.0,0.0,0.0,0.0,0.0,0.0,0.0,0.0,0.0,0.0,0.0,0.0,0.0,0.0,3.0,1.0,0.0,0.0,0.0,1.0,0.0,0.0,0.0,31.0,0.0,0.0,0.0,0.0,0.0,0.0,0.0,0.0,0.0,0.0,1.0,0.0,0.0,0.0,0.0,0.0,0.0,15.0,
SE_2_motion_17.avi.txt#SE_2_motion_17#0#13.0,0.0,0.0,0.0,0.0,0.0,0.0,1.0,0.0,16.0,1.0,0.0,0.0,0.0,0.0,0.0,0.0,1.0,16.0,1.0,0.0,0.0,0.0,0.0,0.0,0.0,0.0,0.0,1.0,0.0,0.0,0.0,0.0,0.0,0.0,0.0,23.0,0.0,1.0,1.0,0.0,0.0,0.0,0.0,0.0,12.0,1.0,0.0,0.0,0.0,0.0,0.0,1.0,1.0,20.0,0.0,1.0,0.0,0.0,0.0,0.0,0.0,0.0,8.0,
SE_2_motion_17.avi.txt#SE_2_motion_17#0#0.0,0.0,0.0,0.0,0.0,0.0,0.0,0.0,0.0,11.0,0.0,0.0,0.0,0.0,0.0,0.0,0.0,0.0,0.0,0.0,0.0,0.0,0.0,0.0,0.0,0.0,0.0,0.0,0.0,0.0,0.0,0.0,0.0,0.0,0.0,0.0,0.0,0.0,0.0,0.0,0.0,0.0,0.0,0.0,0.0,0.0,0.0,0.0,0.0,0.0,0.0,0.0,0.0,0.0,0.0,0.0,0.0,0.0,0.0,0.0,0.0,0.0,0.0,0.0,
SE_3_motion_4.avi.txt#SE_3_motion_4#0#5.0,0.0,0.0,0.0,0.0,0.0,0.0,1.0,0.0,7.0,1.0,0.0,0.0,0.0,0.0,0.0,0.0,0.0,8.0,1.0,0.0,0.0,0.0,0.0,1.0,0.0,0.0,12.0,1.0,0.0,0.0,0.0,0.0,0.0,0.0,2.0,31.0,0.0,0.0,0.0,0.0,0.0,0.0,0.0,0.0,0.0,0.0,0.0,0.0,0.0,0.0,0.0,0.0,0.0,0.0,0.0,0.0,1.0,0.0,0.0,0.0,0.0,0.0,19.0,
SE_3_motion_4.avi.txt#SE_3_motion_4#0#14.0,0.0,0.0,0.0,0.0,0.0,0.0,2.0,1.0,6.0,0.0,0.0,0.0,0.0,0.0,0.0,0.0,1.0,5.0,0.0,0.0,0.0,0.0,0.0,0.0,0.0,1.0,2.0,0.0,0.0,0.0,0.0,0.0,0.0,0.0,0.0,5.0,0.0,1.0,0.0,0.0,0.0,0.0,0.0,1.0,7.0,0.0,0.0,0.0,0.0,0.0,0.0,0.0,1.0,1.0,0.0,1.0,0.0,0.0,0.0,1.0,0.0,0.0,29.0,
SE_2_motion_16.avi.txt#SE_2_motion_16#0#0.0,0.0,0.0,0.0,0.0,0.0,0.0,0.0,0.0,0.0,0.0,0.0,0.0,0.0,0.0,0.0,0.0,0.0,0.0,0.0,0.0,0.0,0.0,0.0,0.0,0.0,0.0,0.0,0.0,0.0,0.0,0.0,0.0,0.0,0.0,0.0,0.0,0.0,0.0,0.0,0.0,0.0,0.0,0.0,0.0,15.0,1.0,0.0,0.0,0.0,0.0,0.0,0.0,1.0,29.0,1.0,0.0,0.0,0.0,0.0,0.0,0.0,0.0,2.0,
SE_2_motion_16.avi.txt#SE_2_motion_16#0#0.0,0.0,0.0,0.0,0.0,0.0,0.0,0.0,0.0,15.0,1.0,0.0,0.0,0.0,0.0,0.0,0.0,1.0,15.0,1.0,0.0,0.0,0.0,0.0,0.0,0.0,0.0,10.0,1.0,0.0,0.0,0.0,0.0,0.0,0.0,1.0,13.0,0.0,0.0,0.0,0.0,0.0,0.0,0.0,0.0,0.0,0.0,0.0,0.0,0.0,0.0,0.0,0.0,0.0,0.0,0.0,0.0,0.0,0.0,0.0,0.0,0.0,0.0,0.0,
SC_3_motion_5.avi.txt#SC_3_motion_5#0#2.0,1.0,0.0,0.0,0.0,0.0,0.0,0.0,0.0,7.0,1.0,0.0,0.0,0.0,0.0,0.0,0.0,0.0,5.0,2.0,0.0,0.0,0.0,0.0,0.0,0.0,0.0,7.0,2.0,0.0,0.0,0.0,0.0,0.0,0.0,0.0,13.0,2.0,0.0,0.0,0.0,0.0,0.0,0.0,0.0,7.0,1.0,0.0,0.0,0.0,0.0,0.0,0.0,0.0,7.0,1.0,1.0,0.0,0.0,0.0,0.0,0.0,0.0,5.0,
SC_3_motion_5.avi.txt#SC_3_motion_5#0#7.0,0.0,0.0,0.0,0.0,0.0,0.0,1.0,1.0,5.0,0.0,0.0,0.0,0.0,0.0,0.0,0.0,1.0,21.0,0.0,1.0,0.0,0.0,0.0,0.0,0.0,2.0,13.0,0.0,0.0,0.0,0.0,0.0,0.0,1.0,2.0,9.0,0.0,0.0,0.0,0.0,0.0,0.0,0.0,1.0,7.0,0.0,0.0,0.0,0.0,0.0,0.0,0.0,1.0,7.0,0.0,0.0,0.0,0.0,0.0,0.0,0.0,1.0,2.0,
SC_2_Motion_4.avi.txt#SC_2_Motion_4#0#93.0,4.0,0.0,0.0,1.0,0.0,0.0,0.0,0.0,100.0,4.0,0.0,0.0,0.0,0.0,0.0,0.0,0.0,81.0,7.0,0.0,0.0,0.0,0.0,0.0,0.0,3.0,88.0,4.0,0.0,0.0,0.0,1.0,0.0,0.0,0.0,84.0,6.0,0.0,0.0,0.0,0.0,0.0,0.0,2.0,106.0,3.0,0.0,0.0,0.0,0.0,0.0,0.0,0.0,105.0,4.0,4.0,0.0,0.0,0.0,0.0,0.0,0.0,97.0,
SC_2_Motion_4.avi.txt#SC_2_Motion_4#0#19.0,2.0,0.0,0.0,0.0,0.0,0.0,0.0,0.0,27.0,2.0,0.0,0.0,0.0,0.0,0.0,0.0,0.0,21.0,2.0,0.0,0.0,0.0,0.0,0.0,0.0,0.0,20.0,2.0,0.0,0.0,0.0,0.0,0.0,0.0,0.0,23.0,2.0,1.0,0.0,0.0,0.0,0.0,0.0,0.0,24.0,2.0,0.0,0.0,0.0,0.0,0.0,1.0,0.0,34.0,2.0,2.0,0.0,0.0,0.0,0.0,0.0,0.0,23.0,
SC_3_motion_2.avi.txt#SC_3_motion_2#0#42.0,0.0,0.0,0.0,0.0,0.0,0.0,2.0,2.0,4.0,0.0,0.0,0.0,0.0,0.0,0.0,0.0,2.0,2.0,0.0,0.0,0.0,0.0,0.0,0.0,0.0,2.0,44.0,0.0,0.0,0.0,0.0,0.0,0.0,0.0,2.0,34.0,0.0,1.0,0.0,0.0,0.0,0.0,0.0,1.0,1.0,0.0,0.0,0.0,0.0,0.0,0.0,0.0,1.0,4.0,0.0,0.0,0.0,0.0,0.0,1.0,0.0,1.0,37.0,
SC_3_motion_2.avi.txt#SC_3_motion_2#0#4.0,0.0,0.0,0.0,0.0,0.0,0.0,2.0,1.0,43.0,0.0,0.0,1.0,0.0,0.0,0.0,0.0,2.0,40.0,0.0,0.0,0.0,0.0,0.0,0.0,0.0,2.0,6.0,0.0,0.0,0.0,0.0,1.0,0.0,0.0,1.0,0.0,0.0,0.0,0.0,0.0,0.0,0.0,0.0,1.0,20.0,0.0,0.0,0.0,0.0,0.0,0.0,0.0,1.0,46.0,0.0,0.0,0.0,0.0,0.0,0.0,0.0,2.0,2.0,
SC_3_motion_3.avi.txt#SC_3_motion_3#0#23.0,2.0,0.0,0.0,0.0,0.0,0.0,0.0,0.0,26.0,1.0,0.0,0.0,0.0,0.0,0.0,0.0,0.0,29.0,2.0,0.0,0.0,0.0,0.0,0.0,0.0,0.0,23.0,2.0,0.0,0.0,0.0,0.0,0.0,0.0,0.0,27.0,2.0,1.0,0.0,0.0,0.0,0.0,0.0,0.0,26.0,2.0,0.0,0.0,0.0,0.0,0.0,0.0,0.0,22.0,4.0,2.0,0.0,0.0,0.0,1.0,0.0,1.0,21.0,
SC_3_motion_3.avi.txt#SC_3_motion_3#0#40.0,0.0,0.0,0.0,0.0,0.0,0.0,2.0,2.0,29.0,0.0,0.0,0.0,0.0,0.0,0.0,0.0,2.0,39.0,0.0,0.0,0.0,0.0,0.0,0.0,0.0,2.0,37.0,0.0,0.0,0.0,0.0,0.0,0.0,0.0,2.0,36.0,0.0,0.0,0.0,0.0,0.0,0.0,0.0,2.0,42.0,0.0,0.0,0.0,0.0,0.0,0.0,0.0,1.0,43.0,0.0,0.0,0.0,0.0,0.0,0.0,0.0,2.0,33.0,
SC_3_motion_8.avi.txt#SC_3_motion_8#0#3.0,0.0,0.0,1.0,0.0,0.0,0.0,0.0,1.0,29.0,1.0,0.0,0.0,0.0,0.0,0.0,0.0,2.0,9.0,1.0,1.0,0.0,0.0,0.0,0.0,0.0,2.0,28.0,3.0,0.0,0.0,0.0,0.0,0.0,1.0,3.0,25.0,2.0,0.0,1.0,0.0,0.0,0.0,0.0,3.0,11.0,1.0,0.0,0.0,0.0,0.0,0.0,0.0,2.0,34.0,0.0,0.0,0.0,0.0,0.0,0.0,0.0,1.0,2.0,
SC_3_motion_8.avi.txt#SC_3_motion_8#0#46.0,5.0,0.0,0.0,0.0,0.0,0.0,0.0,0.0,37.0,4.0,0.0,1.0,0.0,0.0,0.0,0.0,0.0,32.0,4.0,0.0,0.0,0.0,0.0,0.0,0.0,0.0,22.0,4.0,0.0,0.0,0.0,0.0,0.0,0.0,0.0,26.0,4.0,0.0,0.0,0.0,0.0,0.0,0.0,0.0,27.0,4.0,0.0,0.0,0.0,0.0,0.0,0.0,0.0,32.0,4.0,5.0,0.0,0.0,0.0,0.0,0.0,0.0,43.0,
SC_HalfSine_Descending_RL.avi.txt#SC_HalfSine_Descending_RL#0#0.0,1.0,0.0,0.0,0.0,0.0,0.0,0.0,0.0,146.0,0.0,0.0,0.0,0.0,4.0,0.0,0.0,0.0,0.0,0.0,0.0,0.0,0.0,0.0,0.0,0.0,0.0,0.0,0.0,0.0,0.0,0.0,0.0,0.0,0.0,0.0,0.0,0.0,0.0,1.0,0.0,0.0,0.0,0.0,0.0,0.0,0.0,0.0,1.0,3.0,0.0,0.0,1.0,0.0,103.0,0.0,0.0,1.0,0.0,0.0,0.0,0.0,0.0,0.0,
SC_HalfSine_Descending_RL.avi.txt#SC_HalfSine_Descending_RL#0#0.0,0.0,0.0,0.0,0.0,0.0,0.0,1.0,1.0,90.0,0.0,0.0,0.0,0.0,0.0,0.0,0.0,1.0,5.0,0.0,0.0,0.0,0.0,0.0,0.0,0.0,0.0,0.0,0.0,0.0,0.0,0.0,0.0,0.0,0.0,0.0,0.0,0.0,0.0,0.0,0.0,0.0,0.0,0.0,0.0,0.0,0.0,0.0,0.0,0.0,0.0,0.0,0.0,0.0,0.0,0.0,0.0,1.0,0.0,0.0,0.0,0.0,0.0,9.0,
SC_HalfSine_RL.avi.txt#SC_HalfSine_RL#0#0.0,3.0,0.0,0.0,0.0,0.0,0.0,0.0,0.0,148.0,0.0,0.0,1.0,0.0,4.0,0.0,0.0,0.0,0.0,0.0,0.0,0.0,0.0,0.0,0.0,0.0,0.0,0.0,0.0,0.0,0.0,0.0,0.0,0.0,0.0,0.0,0.0,0.0,0.0,0.0,0.0,0.0,0.0,0.0,0.0,0.0,0.0,0.0,2.0,0.0,0.0,0.0,0.0,0.0,117.0,2.0,1.0,1.0,0.0,0.0,0.0,0.0,0.0,1.0,
SC_HalfSine_RL.avi.txt#SC_HalfSine_RL#0#0.0,0.0,0.0,0.0,0.0,0.0,0.0,0.0,0.0,0.0,0.0,0.0,0.0,0.0,0.0,0.0,0.0,0.0,0.0,0.0,0.0,0.0,0.0,0.0,0.0,0.0,0.0,0.0,0.0,0.0,0.0,0.0,0.0,0.0,0.0,0.0,0.0,0.0,0.0,0.0,0.0,0.0,0.0,0.0,0.0,0.0,0.0,0.0,0.0,0.0,0.0,0.0,1.0,0.0,67.0,0.0,0.0,0.0,0.0,0.0,0.0,0.0,0.0,0.0,
SC_2_Motion_1.avi.txt#SC_2_Motion_1#0#93.0,4.0,0.0,0.0,1.0,0.0,0.0,0.0,0.0,100.0,4.0,0.0,0.0,0.0,0.0,0.0,0.0,0.0,81.0,7.0,0.0,0.0,0.0,0.0,0.0,0.0,3.0,88.0,4.0,0.0,0.0,0.0,1.0,0.0,0.0,0.0,84.0,6.0,0.0,0.0,0.0,0.0,0.0,0.0,2.0,106.0,3.0,0.0,0.0,0.0,0.0,0.0,0.0,0.0,105.0,4.0,4.0,0.0,0.0,0.0,0.0,0.0,0.0,97.0,
SC_2_Motion_1.avi.txt#SC_2_Motion_1#0#65.0,0.0,0.0,0.0,0.0,0.0,0.0,2.0,0.0,18.0,2.0,0.0,0.0,0.0,0.0,0.0,0.0,2.0,4.0,0.0,1.0,0.0,0.0,0.0,2.0,0.0,1.0,47.0,0.0,0.0,0.0,0.0,0.0,0.0,0.0,3.0,56.0,0.0,0.0,0.0,0.0,0.0,0.0,0.0,1.0,10.0,1.0,0.0,0.0,0.0,0.0,0.0,0.0,1.0,14.0,0.0,0.0,0.0,0.0,0.0,2.0,0.0,0.0,35.0,
SC_2_Motion_2.avi.txt#SC_2_Motion_2#0#92.0,4.0,0.0,0.0,1.0,0.0,0.0,0.0,0.0,101.0,4.0,0.0,0.0,0.0,0.0,0.0,0.0,0.0,81.0,7.0,0.0,0.0,0.0,0.0,0.0,0.0,3.0,88.0,4.0,0.0,0.0,0.0,1.0,0.0,0.0,0.0,84.0,6.0,0.0,0.0,0.0,0.0,0.0,0.0,2.0,106.0,3.0,0.0,0.0,0.0,0.0,0.0,0.0,0.0,105.0,4.0,4.0,0.0,0.0,0.0,0.0,0.0,0.0,97.0,
SC_2_Motion_2.avi.txt#SC_2_Motion_2#0#22.0,0.0,0.0,0.0,1.0,0.0,0.0,1.0,0.0,0.0,0.0,0.0,0.0,0.0,0.0,0.0,0.0,0.0,0.0,0.0,0.0,0.0,0.0,0.0,0.0,0.0,0.0,63.0,2.0,0.0,0.0,0.0,1.0,0.0,0.0,2.0,27.0,0.0,0.0,0.0,0.0,0.0,0.0,0.0,1.0,11.0,1.0,0.0,0.0,0.0,0.0,0.0,0.0,1.0,13.0,0.0,1.0,0.0,0.0,0.0,0.0,0.0,0.0,25.0,
SC_2_Motion_8.avi.txt#SC_2_Motion_8#0#82.0,4.0,0.0,0.0,2.0,0.0,0.0,0.0,0.0,96.0,4.0,0.0,0.0,0.0,0.0,0.0,0.0,0.0,86.0,5.0,0.0,0.0,0.0,0.0,0.0,0.0,1.0,91.0,4.0,0.0,0.0,0.0,2.0,0.0,0.0,0.0,87.0,4.0,0.0,0.0,0.0,0.0,0.0,0.0,0.0,131.0,6.0,0.0,0.0,0.0,0.0,0.0,1.0,1.0,89.0,4.0,4.0,0.0,0.0,0.0,0.0,0.0,0.0,102.0,
SC_2_Motion_8.avi.txt#SC_2_Motion_8#0#37.0,0.0,0.0,0.0,0.0,0.0,0.0,4.0,4.0,64.0,0.0,0.0,0.0,0.0,0.0,0.0,0.0,3.0,36.0,0.0,2.0,0.0,0.0,0.0,0.0,0.0,5.0,41.0,0.0,0.0,0.0,0.0,0.0,0.0,1.0,5.0,41.0,0.0,0.0,0.0,0.0,0.0,0.0,0.0,4.0,47.0,0.0,0.0,0.0,0.0,0.0,0.0,0.0,4.0,58.0,0.0,0.0,0.0,0.0,0.0,0.0,0.0,4.0,38.0,
SC_3_motion_10.avi.txt#SC_3_motion_10#0#11.0,0.0,0.0,0.0,0.0,0.0,0.0,1.0,0.0,0.0,0.0,0.0,0.0,0.0,0.0,0.0,0.0,0.0,0.0,0.0,0.0,0.0,0.0,0.0,0.0,0.0,0.0,0.0,0.0,0.0,0.0,0.0,0.0,0.0,0.0,0.0,0.0,0.0,0.0,0.0,0.0,0.0,0.0,0.0,0.0,0.0,0.0,0.0,0.0,0.0,0.0,0.0,0.0,0.0,0.0,0.0,1.0,0.0,0.0,0.0,1.0,0.0,0.0,25.0,
SC_3_motion_10.avi.txt#SC_3_motion_10#0#19.0,0.0,0.0,0.0,0.0,0.0,0.0,5.0,5.0,50.0,0.0,0.0,0.0,0.0,0.0,0.0,0.0,5.0,40.0,0.0,0.0,0.0,0.0,0.0,0.0,0.0,5.0,51.0,1.0,0.0,0.0,0.0,0.0,0.0,1.0,6.0,66.0,1.0,0.0,0.0,0.0,0.0,0.0,0.0,6.0,35.0,0.0,0.0,0.0,0.0,0.0,0.0,1.0,4.0,51.0,0.0,0.0,0.0,0.0,0.0,0.0,0.0,5.0,26.0,
SC_Circle_CW_ACW.avi.txt#SC_Circle_CW_ACW#0#34.0,1.0,0.0,0.0,0.0,0.0,0.0,1.0,1.0,52.0,1.0,0.0,0.0,0.0,0.0,0.0,0.0,0.0,104.0,1.0,1.0,0.0,0.0,0.0,0.0,0.0,1.0,46.0,2.0,0.0,0.0,0.0,0.0,1.0,0.0,2.0,40.0,2.0,0.0,0.0,0.0,0.0,0.0,0.0,3.0,35.0,1.0,0.0,0.0,0.0,0.0,0.0,0.0,1.0,38.0,2.0,1.0,0.0,0.0,0.0,0.0,0.0,2.0,46.0,
SC_Circle_CW_ACW.avi.txt#SC_Circle_CW_ACW#0#18.0,1.0,0.0,0.0,0.0,0.0,0.0,0.0,0.0,22.0,1.0,0.0,0.0,0.0,0.0,0.0,0.0,0.0,24.0,1.0,0.0,0.0,0.0,0.0,0.0,0.0,0.0,20.0,1.0,0.0,0.0,0.0,0.0,0.0,0.0,0.0,22.0,1.0,0.0,0.0,0.0,0.0,0.0,0.0,1.0,78.0,1.0,0.0,0.0,0.0,0.0,0.0,0.0,0.0,17.0,1.0,1.0,0.0,0.0,0.0,0.0,0.0,0.0,21.0,
SC_2_motion_10.avi.txt#SC_2_motion_10#0#46.0,5.0,0.0,0.0,0.0,0.0,0.0,0.0,0.0,37.0,4.0,0.0,1.0,0.0,0.0,0.0,0.0,0.0,32.0,4.0,0.0,0.0,0.0,0.0,0.0,0.0,0.0,22.0,4.0,0.0,0.0,0.0,0.0,0.0,0.0,0.0,26.0,4.0,0.0,0.0,0.0,0.0,0.0,0.0,0.0,27.0,4.0,0.0,0.0,0.0,0.0,0.0,0.0,0.0,32.0,4.0,5.0,0.0,0.0,0.0,0.0,0.0,0.0,43.0,
SC_2_motion_10.avi.txt#SC_2_motion_10#0#18.0,0.0,0.0,0.0,1.0,0.0,0.0,3.0,4.0,32.0,0.0,0.0,0.0,0.0,0.0,0.0,0.0,4.0,42.0,0.0,1.0,0.0,0.0,0.0,0.0,0.0,5.0,36.0,1.0,0.0,0.0,0.0,0.0,0.0,1.0,6.0,48.0,1.0,0.0,1.0,0.0,0.0,0.0,0.0,4.0,34.0,0.0,0.0,0.0,0.0,0.0,0.0,1.0,3.0,27.0,0.0,0.0,0.0,0.0,0.0,0.0,0.0,4.0,26.0,
SD_MixedMotion_6.avi.txt#SD_MixedMotion_6#0#100.0,0.0,0.0,0.0,1.0,0.0,0.0,11.0,12.0,109.0,0.0,0.0,0.0,0.0,0.0,0.0,0.0,12.0,95.0,0.0,0.0,0.0,0.0,0.0,0.0,0.0,12.0,102.0,0.0,0.0,0.0,0.0,0.0,0.0,0.0,12.0,95.0,0.0,0.0,2.0,0.0,0.0,0.0,0.0,13.0,96.0,0.0,0.0,0.0,0.0,0.0,0.0,0.0,12.0,105.0,0.0,0.0,0.0,0.0,0.0,1.0,0.0,12.0,105.0,
SD_MixedMotion_6.avi.txt#SD_MixedMotion_6#0#0.0,0.0,0.0,0.0,0.0,0.0,0.0,0.0,0.0,0.0,0.0,0.0,0.0,0.0,0.0,0.0,0.0,0.0,0.0,0.0,0.0,0.0,0.0,0.0,0.0,0.0,0.0,0.0,0.0,0.0,0.0,0.0,0.0,0.0,0.0,0.0,0.0,0.0,0.0,0.0,0.0,0.0,0.0,0.0,0.0,14.0,0.0,0.0,0.0,0.0,0.0,0.0,0.0,0.0,0.0,0.0,0.0,0.0,0.0,0.0,0.0,0.0,0.0,0.0,
SD_MixedMotion_8.avi.txt#SD_MixedMotion_8#0#11.0,1.0,0.0,0.0,0.0,0.0,0.0,1.0,1.0,25.0,0.0,0.0,0.0,0.0,0.0,0.0,0.0,0.0,25.0,1.0,0.0,0.0,0.0,0.0,0.0,0.0,1.0,12.0,1.0,0.0,0.0,0.0,0.0,0.0,0.0,1.0,16.0,1.0,0.0,0.0,0.0,0.0,0.0,0.0,1.0,17.0,1.0,0.0,0.0,0.0,0.0,0.0,1.0,0.0,13.0,2.0,1.0,0.0,0.0,0.0,0.0,0.0,2.0,15.0,
SD_MixedMotion_8.avi.txt#SD_MixedMotion_8#0#0.0,0.0,0.0,0.0,0.0,0.0,0.0,0.0,0.0,0.0,0.0,0.0,0.0,0.0,0.0,0.0,0.0,0.0,0.0,0.0,0.0,0.0,0.0,0.0,0.0,0.0,0.0,0.0,0.0,0.0,0.0,0.0,0.0,0.0,0.0,0.0,0.0,0.0,0.0,0.0,0.0,0.0,0.0,0.0,0.0,21.0,0.0,0.0,0.0,0.0,0.0,0.0,0.0,0.0,0.0,0.0,0.0,0.0,0.0,0.0,0.0,0.0,0.0,0.0,
SD_MixedMotion_3.avi.txt#SD_MixedMotion_3#0#27.0,1.0,0.0,0.0,0.0,0.0,0.0,1.0,1.0,24.0,1.0,0.0,0.0,0.0,0.0,0.0,0.0,1.0,18.0,1.0,1.0,0.0,0.0,0.0,0.0,0.0,1.0,19.0,1.0,0.0,0.0,0.0,0.0,0.0,1.0,2.0,22.0,1.0,0.0,0.0,0.0,0.0,0.0,0.0,1.0,17.0,1.0,0.0,0.0,0.0,0.0,0.0,0.0,1.0,24.0,1.0,1.0,0.0,0.0,0.0,0.0,0.0,1.0,15.0,
SD_MixedMotion_3.avi.txt#SD_MixedMotion_3#0#0.0,0.0,0.0,0.0,0.0,0.0,0.0,0.0,0.0,0.0,0.0,0.0,0.0,0.0,0.0,0.0,0.0,0.0,20.0,1.0,0.0,0.0,0.0,0.0,0.0,0.0,1.0,29.0,0.0,0.0,0.0,0.0,0.0,0.0,0.0,1.0,3.0,0.0,0.0,0.0,0.0,0.0,0.0,0.0,0.0,0.0,0.0,0.0,0.0,0.0,0.0,0.0,0.0,0.0,0.0,0.0,0.0,0.0,0.0,0.0,0.0,0.0,0.0,0.0,
SD_MixedMotion_5.avi.txt#SD_MixedMotion_5#0#13.0,0.0,0.0,0.0,0.0,0.0,0.0,1.0,1.0,19.0,1.0,0.0,0.0,0.0,0.0,0.0,0.0,1.0,34.0,1.0,0.0,0.0,0.0,0.0,0.0,0.0,1.0,16.0,1.0,0.0,0.0,0.0,0.0,0.0,0.0,1.0,14.0,1.0,0.0,0.0,0.0,0.0,0.0,0.0,1.0,22.0,0.0,0.0,0.0,0.0,0.0,0.0,0.0,0.0,0.0,0.0,0.0,0.0,0.0,0.0,0.0,0.0,0.0,10.0,
SD_MixedMotion_5.avi.txt#SD_MixedMotion_5#0#0.0,0.0,0.0,0.0,0.0,0.0,0.0,0.0,0.0,0.0,0.0,0.0,0.0,0.0,0.0,0.0,0.0,0.0,24.0,1.0,0.0,0.0,0.0,0.0,0.0,0.0,0.0,15.0,1.0,0.0,0.0,0.0,0.0,0.0,0.0,0.0,4.0,0.0,0.0,0.0,0.0,0.0,0.0,0.0,0.0,0.0,0.0,0.0,0.0,0.0,0.0,0.0,0.0,0.0,0.0,0.0,0.0,0.0,0.0,0.0,0.0,0.0,0.0,0.0,
SD_MixedMotion_2.avi.txt#SD_MixedMotion_2#0#40.0,1.0,0.0,0.0,0.0,0.0,0.0,0.0,1.0,40.0,0.0,0.0,1.0,0.0,0.0,0.0,0.0,0.0,0.0,0.0,0.0,0.0,0.0,0.0,0.0,0.0,0.0,0.0,0.0,0.0,0.0,0.0,0.0,0.0,0.0,0.0,0.0,0.0,0.0,0.0,0.0,0.0,0.0,0.0,0.0,0.0,0.0,0.0,0.0,0.0,0.0,0.0,0.0,0.0,0.0,0.0,0.0,0.0,0.0,0.0,0.0,0.0,0.0,0.0,
SD_MixedMotion_2.avi.txt#SD_MixedMotion_2#0#14.0,0.0,0.0,0.0,0.0,0.0,0.0,1.0,1.0,23.0,0.0,0.0,0.0,0.0,0.0,0.0,0.0,0.0,0.0,0.0,0.0,0.0,0.0,0.0,0.0,0.0,0.0,0.0,0.0,0.0,0.0,0.0,0.0,0.0,0.0,0.0,0.0,0.0,0.0,0.0,0.0,0.0,0.0,0.0,0.0,0.0,0.0,0.0,0.0,0.0,0.0,0.0,0.0,0.0,0.0,0.0,0.0,0.0,0.0,0.0,0.0,0.0,0.0,11.0,
SD_MixedMotion_7.avi.txt#SD_MixedMotion_7#0#16.0,0.0,0.0,0.0,1.0,0.0,0.0,0.0,2.0,17.0,0.0,0.0,0.0,0.0,0.0,0.0,0.0,2.0,19.0,0.0,0.0,0.0,0.0,0.0,0.0,0.0,2.0,9.0,0.0,0.0,0.0,0.0,0.0,0.0,0.0,2.0,0.0,0.0,0.0,0.0,0.0,0.0,0.0,0.0,1.0,16.0,1.0,0.0,0.0,0.0,0.0,0.0,0.0,1.0,18.0,0.0,0.0,0.0,0.0,0.0,0.0,0.0,0.0,0.0,
SD_MixedMotion_7.avi.txt#SD_MixedMotion_7#0#0.0,0.0,0.0,0.0,0.0,0.0,0.0,0.0,0.0,0.0,0.0,0.0,0.0,0.0,0.0,0.0,0.0,0.0,0.0,0.0,0.0,0.0,0.0,0.0,0.0,0.0,0.0,0.0,0.0,0.0,0.0,0.0,0.0,0.0,0.0,0.0,0.0,0.0,0.0,0.0,0.0,0.0,0.0,0.0,0.0,0.0,0.0,0.0,0.0,0.0,0.0,0.0,0.0,0.0,39.0,0.0,0.0,0.0,0.0,0.0,0.0,0.0,0.0,0.0,
SD_MixedMotion_10.avi.txt#SD_MixedMotion_10#0#33.0,2.0,0.0,0.0,0.0,0.0,0.0,1.0,2.0,29.0,1.0,0.0,0.0,0.0,0.0,0.0,0.0,1.0,40.0,1.0,0.0,0.0,0.0,0.0,0.0,0.0,1.0,22.0,1.0,0.0,0.0,0.0,0.0,0.0,0.0,1.0,2.0,1.0,0.0,0.0,0.0,0.0,0.0,0.0,1.0,29.0,1.0,0.0,0.0,0.0,0.0,0.0,0.0,1.0,13.0,0.0,0.0,0.0,0.0,0.0,0.0,0.0,0.0,0.0,
SD_MixedMotion_10.avi.txt#SD_MixedMotion_10#0#33.0,0.0,0.0,0.0,0.0,0.0,0.0,0.0,0.0,0.0,0.0,0.0,0.0,0.0,0.0,0.0,0.0,0.0,0.0,0.0,0.0,0.0,0.0,0.0,0.0,0.0,0.0,0.0,0.0,0.0,0.0,0.0,0.0,0.0,0.0,0.0,0.0,0.0,0.0,0.0,0.0,0.0,0.0,0.0,0.0,0.0,0.0,0.0,0.0,0.0,0.0,0.0,0.0,0.0,0.0,0.0,0.0,0.0,0.0,0.0,0.0,0.0,0.0,0.0,
SD_MixedMotion_4.avi.txt#SD_MixedMotion_4#0#19.0,1.0,0.0,0.0,0.0,0.0,0.0,0.0,1.0,16.0,1.0,0.0,0.0,0.0,0.0,0.0,0.0,1.0,14.0,1.0,0.0,0.0,0.0,0.0,0.0,0.0,1.0,36.0,3.0,0.0,0.0,0.0,0.0,0.0,0.0,3.0,26.0,1.0,0.0,1.0,0.0,0.0,0.0,0.0,1.0,11.0,1.0,0.0,0.0,0.0,0.0,0.0,0.0,1.0,24.0,1.0,0.0,0.0,0.0,0.0,1.0,0.0,1.0,12.0,
SD_MixedMotion_4.avi.txt#SD_MixedMotion_4#0#21.0,0.0,0.0,0.0,0.0,0.0,0.0,0.0,0.0,0.0,0.0,0.0,0.0,0.0,0.0,0.0,0.0,0.0,0.0,0.0,0.0,0.0,0.0,0.0,0.0,0.0,0.0,0.0,0.0,0.0,0.0,0.0,0.0,0.0,0.0,0.0,0.0,0.0,0.0,0.0,0.0,0.0,0.0,0.0,0.0,0.0,0.0,0.0,0.0,0.0,0.0,0.0,0.0,0.0,0.0,0.0,0.0,0.0,0.0,0.0,0.0,0.0,0.0,0.0,
SD_MixedMotion_1.avi.txt#SD_MixedMotion_1#0#0.0,0.0,0.0,0.0,0.0,0.0,0.0,0.0,0.0,14.0,0.0,0.0,0.0,0.0,0.0,0.0,0.0,1.0,15.0,0.0,0.0,0.0,0.0,0.0,0.0,0.0,1.0,4.0,0.0,0.0,0.0,0.0,0.0,0.0,0.0,1.0,5.0,0.0,0.0,0.0,0.0,0.0,0.0,0.0,1.0,14.0,0.0,0.0,0.0,0.0,0.0,0.0,0.0,1.0,12.0,0.0,0.0,0.0,0.0,0.0,0.0,0.0,0.0,0.0,
SD_MixedMotion_1.avi.txt#SD_MixedMotion_1#0#0.0,0.0,0.0,0.0,0.0,0.0,0.0,0.0,0.0,0.0,0.0,0.0,0.0,0.0,0.0,0.0,0.0,0.0,0.0,0.0,0.0,0.0,0.0,0.0,0.0,0.0,0.0,0.0,0.0,0.0,0.0,0.0,0.0,0.0,0.0,0.0,13.0,0.0,0.0,0.0,0.0,0.0,0.0,0.0,1.0,9.0,0.0,0.0,0.0,0.0,0.0,0.0,0.0,0.0,0.0,0.0,0.0,0.0,0.0,0.0,0.0,0.0,0.0,0.0,
SD_MixedMotion_9.avi.txt#SD_MixedMotion_9#0#11.0,1.0,0.0,0.0,0.0,0.0,0.0,1.0,0.0,24.0,2.0,0.0,1.0,0.0,0.0,0.0,0.0,1.0,28.0,0.0,1.0,0.0,0.0,0.0,0.0,0.0,0.0,0.0,0.0,0.0,0.0,0.0,0.0,0.0,0.0,0.0,0.0,1.0,0.0,0.0,0.0,0.0,0.0,0.0,0.0,11.0,1.0,0.0,0.0,1.0,0.0,0.0,0.0,0.0,14.0,0.0,1.0,0.0,0.0,0.0,0.0,0.0,0.0,4.0,
SD_MixedMotion_9.avi.txt#SD_MixedMotion_9#0#0.0,0.0,0.0,0.0,0.0,0.0,0.0,0.0,0.0,0.0,0.0,0.0,0.0,0.0,0.0,0.0,0.0,0.0,0.0,0.0,0.0,0.0,0.0,0.0,0.0,0.0,0.0,18.0,1.0,0.0,0.0,0.0,0.0,0.0,0.0,1.0,17.0,0.0,0.0,0.0,0.0,0.0,0.0,0.0,0.0,0.0,0.0,0.0,0.0,0.0,0.0,0.0,0.0,0.0,0.0,0.0,0.0,0.0,0.0,0.0,0.0,0.0,0.0,0.0,
SA_2_motion_11.avi.txt#SA_2_motion_11#0#19.0,0.0,0.0,0.0,0.0,0.0,0.0,1.0,0.0,0.0,0.0,0.0,0.0,0.0,0.0,0.0,0.0,0.0,0.0,0.0,0.0,0.0,0.0,0.0,0.0,0.0,0.0,0.0,0.0,0.0,0.0,0.0,0.0,0.0,0.0,0.0,0.0,0.0,0.0,0.0,0.0,0.0,0.0,0.0,0.0,0.0,0.0,0.0,0.0,0.0,0.0,0.0,0.0,0.0,0.0,0.0,1.0,0.0,0.0,0.0,0.0,0.0,0.0,9.0,
SA_2_motion_11.avi.txt#SA_2_motion_11#0#0.0,0.0,0.0,0.0,0.0,0.0,0.0,0.0,0.0,0.0,0.0,0.0,0.0,0.0,0.0,0.0,0.0,0.0,0.0,0.0,0.0,0.0,0.0,0.0,0.0,0.0,0.0,14.0,1.0,0.0,0.0,0.0,0.0,0.0,0.0,1.0,15.0,0.0,0.0,0.0,0.0,0.0,0.0,0.0,0.0,0.0,0.0,0.0,0.0,0.0,0.0,0.0,0.0,0.0,0.0,0.0,0.0,0.0,0.0,0.0,0.0,0.0,0.0,0.0,
SA_2_motion_21.avi.txt#SA_2_motion_21#0#0.0,0.0,0.0,0.0,0.0,0.0,0.0,0.0,0.0,0.0,0.0,0.0,0.0,0.0,0.0,0.0,0.0,0.0,0.0,0.0,0.0,0.0,0.0,0.0,0.0,0.0,0.0,0.0,0.0,0.0,0.0,0.0,0.0,0.0,0.0,0.0,25.0,1.0,0.0,0.0,0.0,0.0,0.0,0.0,0.0,58.0,0.0,0.0,0.0,0.0,0.0,0.0,0.0,0.0,0.0,0.0,0.0,0.0,0.0,0.0,0.0,0.0,0.0,0.0,
SA_2_motion_21.avi.txt#SA_2_motion_21#0#0.0,0.0,0.0,0.0,0.0,0.0,0.0,0.0,0.0,0.0,0.0,0.0,0.0,0.0,0.0,0.0,0.0,0.0,0.0,0.0,0.0,0.0,0.0,0.0,0.0,0.0,0.0,15.0,1.0,0.0,0.0,0.0,0.0,0.0,0.0,1.0,26.0,0.0,0.0,0.0,0.0,0.0,0.0,0.0,0.0,0.0,0.0,0.0,0.0,0.0,0.0,0.0,0.0,0.0,0.0,0.0,0.0,0.0,0.0,0.0,0.0,0.0,0.0,0.0,
SA_3_motion_23.avi.txt#SA_3_motion_23#0#0.0,0.0,0.0,0.0,0.0,0.0,0.0,0.0,0.0,0.0,0.0,0.0,0.0,0.0,0.0,0.0,0.0,0.0,0.0,0.0,0.0,0.0,0.0,0.0,0.0,0.0,0.0,22.0,2.0,0.0,0.0,0.0,0.0,0.0,0.0,1.0,14.0,0.0,0.0,0.0,0.0,0.0,0.0,0.0,0.0,0.0,0.0,0.0,0.0,0.0,0.0,0.0,0.0,0.0,0.0,0.0,0.0,0.0,0.0,0.0,0.0,0.0,0.0,0.0,
SA_3_motion_23.avi.txt#SA_3_motion_23#0#0.0,0.0,0.0,0.0,0.0,0.0,0.0,0.0,0.0,25.0,1.0,0.0,0.0,0.0,0.0,0.0,0.0,1.0,13.0,0.0,0.0,0.0,0.0,0.0,0.0,0.0,0.0,0.0,0.0,0.0,0.0,0.0,0.0,0.0,0.0,0.0,0.0,0.0,0.0,0.0,0.0,0.0,0.0,0.0,0.0,0.0,0.0,0.0,0.0,0.0,0.0,0.0,0.0,0.0,0.0,0.0,0.0,0.0,0.0,0.0,0.0,0.0,0.0,0.0,
SA_2_motion_13.avi.txt#SA_2_motion_13#0#0.0,0.0,0.0,0.0,0.0,0.0,0.0,0.0,0.0,0.0,0.0,0.0,0.0,0.0,0.0,0.0,0.0,0.0,0.0,0.0,0.0,0.0,0.0,0.0,0.0,0.0,0.0,19.0,1.0,0.0,0.0,0.0,0.0,0.0,0.0,1.0,11.0,0.0,0.0,0.0,0.0,0.0,0.0,0.0,0.0,0.0,0.0,0.0,0.0,0.0,0.0,0.0,0.0,0.0,0.0,0.0,0.0,0.0,0.0,0.0,0.0,0.0,0.0,0.0,
SA_2_motion_13.avi.txt#SA_2_motion_13#0#0.0,0.0,0.0,0.0,0.0,0.0,0.0,0.0,0.0,0.0,0.0,0.0,0.0,0.0,0.0,0.0,0.0,0.0,0.0,0.0,0.0,0.0,0.0,0.0,0.0,0.0,0.0,14.0,1.0,0.0,0.0,0.0,0.0,0.0,0.0,1.0,15.0,0.0,0.0,0.0,0.0,0.0,0.0,0.0,0.0,0.0,0.0,0.0,0.0,0.0,0.0,0.0,0.0,0.0,0.0,0.0,0.0,0.0,0.0,0.0,0.0,0.0,0.0,0.0,
SA_3_motion_24.avi.txt#SA_3_motion_24#0#0.0,0.0,0.0,0.0,0.0,0.0,0.0,0.0,0.0,0.0,0.0,0.0,0.0,0.0,0.0,0.0,0.0,0.0,50.0,0.0,1.0,0.0,0.0,0.0,0.0,0.0,1.0,18.0,0.0,0.0,0.0,0.0,0.0,0.0,0.0,1.0,7.0,0.0,0.0,0.0,0.0,0.0,0.0,0.0,0.0,0.0,0.0,0.0,0.0,0.0,0.0,0.0,0.0,0.0,0.0,0.0,0.0,0.0,0.0,0.0,0.0,0.0,0.0,0.0,
SA_3_motion_24.avi.txt#SA_3_motion_24#0#0.0,0.0,0.0,0.0,0.0,0.0,0.0,0.0,0.0,0.0,0.0,0.0,0.0,0.0,0.0,0.0,0.0,0.0,0.0,0.0,0.0,0.0,0.0,0.0,0.0,0.0,0.0,7.0,1.0,0.0,0.0,0.0,0.0,0.0,0.0,0.0,18.0,1.0,0.0,0.0,0.0,0.0,0.0,0.0,0.0,56.0,0.0,0.0,0.0,0.0,0.0,0.0,0.0,0.0,0.0,0.0,0.0,0.0,0.0,0.0,0.0,0.0,0.0,0.0,
SA_3_motion_25.avi.txt#SA_3_motion_25#0#5.0,0.0,0.0,0.0,0.0,0.0,0.0,1.0,0.0,0.0,0.0,0.0,0.0,0.0,0.0,0.0,0.0,0.0,0.0,0.0,0.0,0.0,0.0,0.0,0.0,0.0,0.0,0.0,0.0,0.0,0.0,0.0,0.0,0.0,0.0,0.0,0.0,0.0,0.0,0.0,0.0,0.0,0.0,0.0,0.0,0.0,0.0,0.0,0.0,0.0,0.0,0.0,0.0,0.0,0.0,0.0,1.0,0.0,0.0,0.0,0.0,0.0,0.0,9.0,
SA_3_motion_25.avi.txt#SA_3_motion_25#0#31.0,0.0,0.0,0.0,0.0,0.0,0.0,0.0,1.0,30.0,0.0,0.0,0.0,0.0,0.0,0.0,0.0,0.0,0.0,0.0,0.0,0.0,0.0,0.0,0.0,0.0,0.0,0.0,0.0,0.0,0.0,0.0,0.0,0.0,0.0,0.0,0.0,0.0,0.0,0.0,0.0,0.0,0.0,0.0,0.0,0.0,0.0,0.0,0.0,0.0,0.0,0.0,0.0,0.0,0.0,0.0,0.0,0.0,0.0,0.0,0.0,0.0,0.0,0.0,
SA_3_motion_27.avi.txt#SA_3_motion_27#0#0.0,0.0,0.0,0.0,0.0,0.0,0.0,0.0,0.0,0.0,0.0,0.0,0.0,0.0,0.0,0.0,0.0,0.0,0.0,0.0,0.0,0.0,0.0,0.0,0.0,0.0,0.0,12.0,1.0,0.0,0.0,0.0,0.0,0.0,0.0,1.0,7.0,0.0,0.0,0.0,0.0,0.0,0.0,0.0,0.0,0.0,0.0,0.0,0.0,0.0,0.0,0.0,0.0,0.0,0.0,0.0,0.0,0.0,0.0,0.0,0.0,0.0,0.0,0.0,
SA_3_motion_27.avi.txt#SA_3_motion_27#0#0.0,0.0,0.0,0.0,0.0,0.0,0.0,0.0,0.0,0.0,0.0,0.0,0.0,0.0,0.0,0.0,0.0,0.0,0.0,0.0,0.0,0.0,0.0,0.0,0.0,0.0,0.0,40.0,1.0,0.0,0.0,0.0,0.0,0.0,0.0,0.0,0.0,0.0,0.0,0.0,0.0,0.0,0.0,0.0,0.0,0.0,0.0,0.0,0.0,0.0,0.0,0.0,0.0,0.0,0.0,0.0,0.0,0.0,0.0,0.0,0.0,0.0,0.0,0.0,
SA_3_motion_29.avi.txt#SA_3_motion_29#0#0.0,0.0,0.0,0.0,0.0,0.0,0.0,0.0,0.0,0.0,0.0,0.0,0.0,0.0,0.0,0.0,0.0,0.0,0.0,0.0,0.0,0.0,0.0,0.0,0.0,0.0,0.0,22.0,1.0,0.0,0.0,0.0,0.0,0.0,0.0,1.0,15.0,0.0,0.0,0.0,0.0,0.0,0.0,0.0,0.0,0.0,0.0,0.0,0.0,0.0,0.0,0.0,0.0,0.0,0.0,0.0,0.0,0.0,0.0,0.0,0.0,0.0,0.0,0.0,
SA_3_motion_29.avi.txt#SA_3_motion_29#0#0.0,0.0,0.0,0.0,0.0,0.0,0.0,0.0,0.0,0.0,0.0,0.0,0.0,0.0,0.0,0.0,0.0,0.0,0.0,0.0,0.0,0.0,0.0,0.0,0.0,0.0,0.0,0.0,0.0,0.0,0.0,0.0,0.0,0.0,0.0,0.0,0.0,0.0,0.0,0.0,0.0,0.0,0.0,0.0,0.0,17.0,1.0,0.0,0.0,0.0,0.0,0.0,0.0,0.0,19.0,0.0,0.0,0.0,0.0,0.0,0.0,0.0,0.0,0.0,
SA_2_motion_14.avi.txt#SA_2_motion_14#0#0.0,0.0,0.0,0.0,0.0,0.0,0.0,0.0,0.0,0.0,0.0,0.0,0.0,0.0,0.0,0.0,0.0,0.0,0.0,0.0,0.0,0.0,0.0,0.0,0.0,0.0,0.0,10.0,1.0,0.0,0.0,0.0,0.0,0.0,0.0,1.0,31.0,0.0,0.0,0.0,0.0,0.0,0.0,0.0,0.0,0.0,0.0,0.0,0.0,0.0,0.0,0.0,0.0,0.0,0.0,0.0,0.0,0.0,0.0,0.0,0.0,0.0,0.0,0.0,
SA_2_motion_14.avi.txt#SA_2_motion_14#0#0.0,0.0,0.0,0.0,0.0,0.0,0.0,0.0,0.0,0.0,0.0,0.0,0.0,0.0,0.0,0.0,0.0,0.0,0.0,0.0,0.0,0.0,0.0,0.0,0.0,0.0,0.0,6.0,2.0,0.0,0.0,0.0,0.0,0.0,0.0,1.0,25.0,0.0,0.0,0.0,0.0,0.0,0.0,0.0,0.0,0.0,0.0,0.0,0.0,0.0,0.0,0.0,0.0,0.0,0.0,0.0,0.0,0.0,0.0,0.0,0.0,0.0,0.0,0.0,
SA_2_motion_25.avi.txt#SA_2_motion_25#0#0.0,0.0,0.0,0.0,0.0,0.0,0.0,0.0,0.0,0.0,0.0,0.0,0.0,0.0,0.0,0.0,0.0,0.0,9.0,0.0,0.0,0.0,0.0,0.0,0.0,0.0,1.0,24.0,0.0,0.0,0.0,0.0,0.0,0.0,0.0,1.0,13.0,0.0,0.0,0.0,0.0,0.0,0.0,0.0,1.0,14.0,0.0,0.0,0.0,0.0,0.0,0.0,0.0,0.0,0.0,0.0,0.0,0.0,0.0,0.0,0.0,0.0,0.0,0.0,
SA_2_motion_25.avi.txt#SA_2_motion_25#0#0.0,0.0,0.0,0.0,0.0,0.0,0.0,0.0,0.0,27.0,0.0,0.0,1.0,0.0,0.0,0.0,0.0,1.0,12.0,0.0,0.0,0.0,0.0,0.0,0.0,0.0,0.0,0.0,0.0,0.0,0.0,0.0,0.0,0.0,0.0,0.0,0.0,0.0,0.0,0.0,0.0,0.0,0.0,0.0,0.0,0.0,0.0,0.0,0.0,0.0,0.0,0.0,0.0,0.0,0.0,0.0,0.0,0.0,0.0,0.0,0.0,0.0,0.0,0.0,
SA_2_motion_22.avi.txt#SA_2_motion_22#0#0.0,0.0,0.0,0.0,0.0,0.0,0.0,0.0,0.0,0.0,0.0,0.0,0.0,0.0,0.0,0.0,0.0,0.0,0.0,0.0,0.0,0.0,0.0,0.0,0.0,0.0,0.0,8.0,1.0,0.0,0.0,0.0,0.0,0.0,0.0,0.0,20.0,1.0,0.0,0.0,0.0,0.0,0.0,0.0,0.0,52.0,0.0,0.0,0.0,0.0,0.0,0.0,0.0,0.0,0.0,0.0,0.0,0.0,0.0,0.0,0.0,0.0,0.0,0.0,
SA_2_motion_22.avi.txt#SA_2_motion_22#0#0.0,0.0,0.0,0.0,0.0,0.0,0.0,0.0,0.0,0.0,0.0,0.0,0.0,0.0,0.0,0.0,0.0,0.0,0.0,0.0,0.0,0.0,0.0,0.0,0.0,0.0,0.0,6.0,1.0,0.0,0.0,0.0,0.0,0.0,0.0,0.0,12.0,1.0,0.0,0.0,0.0,0.0,0.0,0.0,0.0,130.0,0.0,0.0,0.0,0.0,0.0,0.0,0.0,0.0,0.0,0.0,0.0,0.0,0.0,0.0,0.0,0.0,0.0,0.0,
SA_2_motion_15.avi.txt#SA_2_motion_15#0#0.0,0.0,0.0,0.0,0.0,0.0,0.0,0.0,0.0,39.0,0.0,0.0,1.0,0.0,1.0,0.0,0.0,0.0,34.0,0.0,1.0,0.0,0.0,0.0,0.0,0.0,0.0,0.0,0.0,0.0,0.0,0.0,0.0,0.0,0.0,0.0,0.0,1.0,1.0,0.0,0.0,0.0,1.0,0.0,0.0,46.0,1.0,0.0,0.0,1.0,0.0,0.0,1.0,1.0,62.0,0.0,0.0,0.0,0.0,0.0,0.0,0.0,0.0,0.0,
SA_2_motion_15.avi.txt#SA_2_motion_15#0#0.0,0.0,0.0,0.0,0.0,0.0,0.0,0.0,0.0,65.0,1.0,0.0,1.0,0.0,1.0,0.0,0.0,0.0,45.0,0.0,0.0,0.0,0.0,0.0,0.0,0.0,0.0,0.0,0.0,0.0,0.0,0.0,0.0,1.0,0.0,0.0,0.0,0.0,1.0,0.0,0.0,0.0,0.0,0.0,0.0,0.0,0.0,0.0,0.0,2.0,0.0,0.0,1.0,0.0,55.0,0.0,0.0,0.0,0.0,0.0,0.0,0.0,0.0,0.0,
SA_2_motion_28.avi.txt#SA_2_motion_28#0#0.0,0.0,0.0,0.0,0.0,0.0,0.0,0.0,0.0,0.0,0.0,0.0,0.0,0.0,0.0,0.0,0.0,0.0,0.0,0.0,0.0,0.0,0.0,0.0,0.0,0.0,0.0,0.0,0.0,0.0,0.0,0.0,0.0,0.0,0.0,0.0,63.0,0.0,0.0,0.0,0.0,0.0,0.0,0.0,1.0,29.0,0.0,0.0,0.0,0.0,0.0,0.0,0.0,0.0,0.0,0.0,0.0,0.0,0.0,0.0,0.0,0.0,0.0,0.0,
SA_2_motion_28.avi.txt#SA_2_motion_28#0#0.0,0.0,0.0,0.0,0.0,0.0,0.0,0.0,0.0,0.0,0.0,0.0,0.0,0.0,0.0,0.0,0.0,0.0,0.0,0.0,0.0,0.0,0.0,0.0,0.0,0.0,0.0,19.0,1.0,0.0,0.0,0.0,0.0,0.0,0.0,1.0,19.0,0.0,0.0,0.0,0.0,0.0,0.0,0.0,0.0,0.0,0.0,0.0,0.0,0.0,0.0,0.0,0.0,0.0,0.0,0.0,0.0,0.0,0.0,0.0,0.0,0.0,0.0,0.0,
SA_2_motion_30.avi.txt#SA_2_motion_30#0#0.0,0.0,0.0,0.0,0.0,0.0,0.0,0.0,0.0,0.0,0.0,0.0,0.0,0.0,0.0,0.0,0.0,0.0,0.0,0.0,0.0,0.0,0.0,0.0,0.0,0.0,0.0,0.0,0.0,0.0,0.0,0.0,0.0,0.0,0.0,0.0,0.0,0.0,0.0,0.0,0.0,0.0,0.0,0.0,0.0,0.0,0.0,0.0,0.0,0.0,0.0,0.0,0.0,0.0,10.0,0.0,0.0,0.0,0.0,0.0,0.0,0.0,0.0,0.0,
SA_2_motion_30.avi.txt#SA_2_motion_30#0#0.0,0.0,0.0,0.0,0.0,0.0,0.0,0.0,0.0,0.0,0.0,0.0,0.0,0.0,0.0,0.0,0.0,0.0,28.0,0.0,0.0,0.0,0.0,0.0,0.0,0.0,1.0,28.0,0.0,0.0,0.0,0.0,0.0,0.0,0.0,0.0,0.0,0.0,0.0,0.0,0.0,0.0,0.0,0.0,0.0,0.0,0.0,0.0,0.0,0.0,0.0,0.0,0.0,0.0,0.0,0.0,0.0,0.0,0.0,0.0,0.0,0.0,0.0,0.0,
SA_2_motion_27.avi.txt#SA_2_motion_27#0#0.0,0.0,0.0,0.0,0.0,0.0,0.0,0.0,0.0,0.0,0.0,0.0,0.0,0.0,0.0,0.0,0.0,0.0,0.0,0.0,0.0,0.0,0.0,0.0,0.0,0.0,0.0,6.0,1.0,0.0,0.0,0.0,0.0,0.0,0.0,0.0,16.0,1.0,0.0,0.0,0.0,0.0,0.0,0.0,0.0,123.0,0.0,0.0,0.0,0.0,0.0,0.0,0.0,0.0,0.0,0.0,0.0,0.0,0.0,0.0,0.0,0.0,0.0,0.0,
SA_2_motion_27.avi.txt#SA_2_motion_27#0#0.0,0.0,0.0,0.0,0.0,0.0,0.0,0.0,0.0,0.0,0.0,0.0,0.0,0.0,0.0,0.0,0.0,0.0,0.0,0.0,0.0,0.0,0.0,0.0,0.0,0.0,0.0,3.0,0.0,0.0,0.0,0.0,0.0,0.0,0.0,1.0,3.0,0.0,0.0,0.0,0.0,0.0,0.0,0.0,0.0,0.0,0.0,0.0,0.0,0.0,0.0,0.0,0.0,0.0,0.0,0.0,0.0,0.0,0.0,0.0,0.0,0.0,0.0,0.0,
SA_3_motion_26.avi.txt#SA_3_motion_26#0#0.0,0.0,0.0,0.0,0.0,0.0,0.0,0.0,0.0,0.0,0.0,0.0,0.0,0.0,0.0,0.0,0.0,0.0,0.0,0.0,0.0,0.0,0.0,0.0,0.0,0.0,0.0,9.0,1.0,0.0,0.0,0.0,0.0,0.0,0.0,0.0,5.0,0.0,0.0,0.0,0.0,0.0,0.0,0.0,0.0,0.0,0.0,0.0,0.0,0.0,0.0,0.0,0.0,0.0,0.0,0.0,0.0,0.0,0.0,0.0,0.0,0.0,0.0,0.0,
SA_3_motion_26.avi.txt#SA_3_motion_26#0#31.0,0.0,0.0,0.0,0.0,0.0,0.0,0.0,1.0,30.0,0.0,0.0,0.0,0.0,0.0,0.0,0.0,0.0,0.0,0.0,0.0,0.0,0.0,0.0,0.0,0.0,0.0,0.0,0.0,0.0,0.0,0.0,0.0,0.0,0.0,0.0,0.0,0.0,0.0,0.0,0.0,0.0,0.0,0.0,0.0,0.0,0.0,0.0,0.0,0.0,0.0,0.0,0.0,0.0,0.0,0.0,0.0,0.0,0.0,0.0,0.0,0.0,0.0,0.0,
SA_3_motion_21.avi.txt#SA_3_motion_21#0#0.0,0.0,0.0,0.0,0.0,0.0,0.0,0.0,0.0,23.0,1.0,0.0,0.0,0.0,0.0,0.0,0.0,1.0,15.0,0.0,0.0,0.0,0.0,0.0,0.0,0.0,0.0,0.0,0.0,0.0,0.0,0.0,0.0,0.0,0.0,0.0,0.0,0.0,0.0,0.0,0.0,0.0,0.0,0.0,0.0,0.0,0.0,0.0,0.0,0.0,0.0,0.0,0.0,0.0,0.0,0.0,0.0,0.0,0.0,0.0,0.0,0.0,0.0,0.0,
SA_3_motion_21.avi.txt#SA_3_motion_21#0#0.0,0.0,0.0,0.0,0.0,0.0,0.0,0.0,0.0,24.0,1.0,0.0,0.0,0.0,0.0,0.0,0.0,1.0,15.0,0.0,0.0,0.0,0.0,0.0,0.0,0.0,0.0,0.0,0.0,0.0,0.0,0.0,0.0,0.0,0.0,0.0,0.0,0.0,0.0,0.0,0.0,0.0,0.0,0.0,0.0,0.0,0.0,0.0,0.0,0.0,0.0,0.0,0.0,0.0,0.0,0.0,0.0,0.0,0.0,0.0,0.0,0.0,0.0,0.0,
SA_2_motion_24.avi.txt#SA_2_motion_24#0#0.0,0.0,0.0,0.0,0.0,0.0,0.0,0.0,0.0,0.0,0.0,0.0,0.0,0.0,0.0,0.0,0.0,0.0,0.0,0.0,0.0,0.0,0.0,0.0,0.0,0.0,0.0,0.0,0.0,0.0,0.0,0.0,0.0,0.0,0.0,0.0,49.0,0.0,0.0,0.0,0.0,0.0,0.0,0.0,1.0,28.0,0.0,0.0,0.0,0.0,0.0,0.0,0.0,0.0,0.0,0.0,0.0,0.0,0.0,0.0,0.0,0.0,0.0,0.0,
SA_2_motion_24.avi.txt#SA_2_motion_24#0#0.0,0.0,0.0,0.0,0.0,0.0,0.0,0.0,0.0,0.0,0.0,0.0,0.0,0.0,0.0,0.0,0.0,0.0,3.0,0.0,1.0,0.0,0.0,0.0,0.0,0.0,1.0,25.0,1.0,0.0,0.0,0.0,0.0,0.0,0.0,1.0,11.0,0.0,0.0,0.0,0.0,0.0,0.0,0.0,0.0,0.0,0.0,0.0,0.0,0.0,0.0,0.0,0.0,0.0,0.0,0.0,0.0,0.0,0.0,0.0,0.0,0.0,0.0,0.0,
SA_2_motion_12.avi.txt#SA_2_motion_12#0#0.0,0.0,0.0,0.0,0.0,0.0,0.0,0.0,0.0,0.0,0.0,0.0,0.0,0.0,0.0,0.0,0.0,0.0,0.0,0.0,0.0,0.0,0.0,0.0,0.0,0.0,0.0,10.0,1.0,0.0,0.0,0.0,0.0,0.0,0.0,1.0,31.0,0.0,0.0,0.0,0.0,0.0,0.0,0.0,0.0,0.0,0.0,0.0,0.0,0.0,0.0,0.0,0.0,0.0,0.0,0.0,0.0,0.0,0.0,0.0,0.0,0.0,0.0,0.0,
SA_2_motion_12.avi.txt#SA_2_motion_12#0#21.0,0.0,0.0,0.0,0.0,0.0,0.0,1.0,0.0,0.0,0.0,0.0,0.0,0.0,0.0,0.0,0.0,0.0,0.0,0.0,0.0,0.0,0.0,0.0,0.0,0.0,0.0,0.0,0.0,0.0,0.0,0.0,0.0,0.0,0.0,0.0,0.0,0.0,0.0,0.0,0.0,0.0,0.0,0.0,0.0,0.0,0.0,0.0,0.0,0.0,0.0,0.0,0.0,0.0,0.0,0.0,1.0,0.0,0.0,0.0,0.0,0.0,0.0,10.0,
SA_2_motion_26.avi.txt#SA_2_motion_26#0#0.0,0.0,0.0,0.0,0.0,0.0,0.0,0.0,0.0,0.0,0.0,0.0,0.0,0.0,0.0,0.0,0.0,0.0,0.0,0.0,0.0,0.0,0.0,0.0,0.0,0.0,0.0,0.0,0.0,0.0,0.0,0.0,0.0,0.0,0.0,0.0,25.0,1.0,0.0,0.0,0.0,0.0,0.0,0.0,0.0,162.0,0.0,0.0,0.0,0.0,0.0,0.0,0.0,0.0,0.0,0.0,0.0,0.0,0.0,0.0,0.0,0.0,0.0,0.0,
SA_2_motion_26.avi.txt#SA_2_motion_26#0#0.0,0.0,0.0,0.0,0.0,0.0,0.0,0.0,0.0,0.0,0.0,0.0,0.0,0.0,0.0,0.0,0.0,0.0,0.0,0.0,0.0,0.0,0.0,0.0,0.0,0.0,0.0,22.0,1.0,0.0,0.0,0.0,0.0,0.0,0.0,1.0,15.0,0.0,0.0,0.0,0.0,0.0,0.0,0.0,0.0,0.0,0.0,0.0,0.0,0.0,0.0,0.0,0.0,0.0,0.0,0.0,0.0,0.0,0.0,0.0,0.0,0.0,0.0,0.0,
SA_2_motion_23.avi.txt#SA_2_motion_23#0#0.0,0.0,0.0,0.0,0.0,0.0,0.0,0.0,0.0,0.0,0.0,0.0,0.0,0.0,0.0,0.0,0.0,0.0,52.0,1.0,0.0,0.0,0.0,0.0,0.0,0.0,0.0,33.0,0.0,0.0,0.0,0.0,0.0,0.0,0.0,0.0,0.0,0.0,0.0,0.0,0.0,0.0,0.0,0.0,0.0,0.0,0.0,0.0,0.0,0.0,0.0,0.0,0.0,0.0,0.0,0.0,0.0,0.0,0.0,0.0,0.0,0.0,0.0,0.0,
SA_2_motion_23.avi.txt#SA_2_motion_23#0#0.0,0.0,0.0,0.0,0.0,0.0,0.0,0.0,0.0,0.0,0.0,0.0,0.0,0.0,0.0,0.0,0.0,0.0,0.0,0.0,0.0,0.0,0.0,0.0,0.0,0.0,0.0,6.0,1.0,0.0,0.0,0.0,0.0,0.0,0.0,0.0,5.0,1.0,0.0,0.0,0.0,0.0,0.0,0.0,0.0,134.0,0.0,0.0,0.0,0.0,0.0,0.0,0.0,0.0,0.0,0.0,0.0,0.0,0.0,0.0,0.0,0.0,0.0,0.0,
SA_2_motion_29.avi.txt#SA_2_motion_29#0#0.0,0.0,0.0,0.0,0.0,0.0,0.0,0.0,0.0,0.0,0.0,0.0,0.0,0.0,0.0,0.0,0.0,0.0,57.0,0.0,1.0,0.0,0.0,0.0,0.0,0.0,1.0,18.0,0.0,0.0,0.0,0.0,0.0,0.0,0.0,1.0,15.0,0.0,0.0,0.0,0.0,0.0,0.0,0.0,1.0,18.0,0.0,0.0,0.0,0.0,0.0,0.0,0.0,0.0,0.0,0.0,0.0,0.0,0.0,0.0,0.0,0.0,0.0,0.0,
SA_2_motion_29.avi.txt#SA_2_motion_29#0#0.0,0.0,0.0,0.0,0.0,0.0,0.0,0.0,0.0,19.0,0.0,0.0,0.0,0.0,0.0,0.0,0.0,1.0,19.0,0.0,0.0,0.0,0.0,0.0,0.0,0.0,0.0,0.0,0.0,0.0,0.0,0.0,0.0,0.0,0.0,0.0,0.0,0.0,0.0,0.0,0.0,0.0,0.0,0.0,0.0,0.0,0.0,0.0,0.0,0.0,0.0,0.0,0.0,0.0,0.0,0.0,0.0,0.0,0.0,0.0,0.0,0.0,0.0,0.0,
SA_3_motion_30.avi.txt#SA_3_motion_30#0#0.0,0.0,0.0,0.0,0.0,0.0,0.0,0.0,0.0,0.0,0.0,0.0,0.0,0.0,0.0,0.0,0.0,0.0,0.0,0.0,0.0,0.0,0.0,0.0,0.0,0.0,0.0,0.0,0.0,0.0,0.0,0.0,0.0,0.0,0.0,0.0,36.0,1.0,0.0,0.0,0.0,0.0,0.0,0.0,0.0,41.0,0.0,0.0,0.0,0.0,0.0,0.0,0.0,0.0,0.0,0.0,0.0,0.0,0.0,0.0,0.0,0.0,0.0,0.0,
SA_3_motion_30.avi.txt#SA_3_motion_30#0#0.0,0.0,0.0,0.0,0.0,0.0,0.0,0.0,0.0,0.0,0.0,0.0,0.0,0.0,0.0,0.0,0.0,0.0,0.0,0.0,0.0,0.0,0.0,0.0,0.0,0.0,0.0,26.0,1.0,0.0,0.0,0.0,0.0,0.0,0.0,1.0,12.0,0.0,0.0,0.0,0.0,0.0,0.0,0.0,0.0,0.0,0.0,0.0,0.0,0.0,0.0,0.0,0.0,0.0,0.0,0.0,0.0,0.0,0.0,0.0,0.0,0.0,0.0,0.0,
SA_3_motion_22.avi.txt#SA_3_motion_22#0#0.0,0.0,0.0,0.0,0.0,0.0,0.0,0.0,0.0,24.0,1.0,0.0,0.0,0.0,0.0,0.0,0.0,1.0,15.0,0.0,0.0,0.0,0.0,0.0,0.0,0.0,0.0,0.0,0.0,0.0,0.0,0.0,0.0,0.0,0.0,0.0,0.0,0.0,0.0,0.0,0.0,0.0,0.0,0.0,0.0,0.0,0.0,0.0,0.0,0.0,0.0,0.0,0.0,0.0,0.0,0.0,0.0,0.0,0.0,0.0,0.0,0.0,0.0,0.0,
SA_3_motion_22.avi.txt#SA_3_motion_22#0#0.0,0.0,0.0,0.0,0.0,0.0,0.0,0.0,0.0,10.0,1.0,0.0,0.0,0.0,0.0,0.0,0.0,1.0,26.0,0.0,1.0,0.0,0.0,0.0,0.0,0.0,0.0,0.0,0.0,0.0,0.0,0.0,0.0,0.0,0.0,0.0,0.0,0.0,0.0,0.0,0.0,0.0,0.0,0.0,0.0,0.0,0.0,0.0,0.0,0.0,0.0,0.0,0.0,0.0,0.0,0.0,0.0,0.0,0.0,0.0,0.0,0.0,0.0,0.0,
SB_3_motion_16.avi.txt#SB_3_motion_16#0#0.0,0.0,0.0,0.0,0.0,0.0,0.0,0.0,0.0,0.0,0.0,0.0,0.0,0.0,0.0,0.0,0.0,0.0,24.0,1.0,0.0,0.0,0.0,0.0,0.0,0.0,1.0,0.0,1.0,0.0,0.0,0.0,0.0,0.0,0.0,0.0,2.0,1.0,0.0,0.0,0.0,0.0,0.0,1.0,1.0,76.0,0.0,0.0,0.0,0.0,0.0,0.0,0.0,0.0,0.0,0.0,0.0,0.0,0.0,0.0,0.0,0.0,0.0,0.0,
SB_3_motion_16.avi.txt#SB_3_motion_16#0#0.0,0.0,0.0,0.0,0.0,0.0,0.0,0.0,0.0,0.0,0.0,0.0,0.0,0.0,0.0,0.0,0.0,0.0,0.0,0.0,0.0,0.0,0.0,0.0,0.0,0.0,0.0,0.0,0.0,0.0,0.0,0.0,0.0,0.0,0.0,0.0,0.0,0.0,0.0,0.0,0.0,0.0,0.0,0.0,0.0,16.0,0.0,0.0,0.0,0.0,0.0,0.0,0.0,0.0,0.0,0.0,0.0,0.0,0.0,0.0,0.0,0.0,0.0,0.0,
SB_2_motion_19.avi.txt#SB_2_motion_19#0#1.0,0.0,0.0,0.0,0.0,0.0,0.0,1.0,0.0,0.0,0.0,0.0,0.0,0.0,0.0,0.0,0.0,0.0,0.0,0.0,0.0,0.0,0.0,0.0,0.0,0.0,0.0,0.0,0.0,0.0,0.0,0.0,0.0,0.0,0.0,0.0,0.0,0.0,0.0,0.0,0.0,0.0,0.0,0.0,0.0,0.0,0.0,0.0,0.0,0.0,0.0,0.0,0.0,0.0,0.0,0.0,0.0,0.0,0.0,0.0,0.0,0.0,0.0,0.0,
SB_2_motion_19.avi.txt#SB_2_motion_19#0#0.0,0.0,0.0,0.0,0.0,0.0,0.0,0.0,0.0,0.0,0.0,0.0,0.0,0.0,0.0,0.0,0.0,0.0,0.0,0.0,0.0,0.0,0.0,0.0,0.0,0.0,0.0,0.0,0.0,0.0,0.0,0.0,0.0,0.0,0.0,0.0,0.0,0.0,0.0,0.0,0.0,0.0,0.0,0.0,0.0,0.0,0.0,0.0,0.0,0.0,0.0,0.0,0.0,0.0,56.0,0.0,0.0,0.0,0.0,0.0,0.0,0.0,0.0,0.0,
SB_3_motion_13.avi.txt#SB_3_motion_13#0#0.0,0.0,0.0,0.0,0.0,0.0,0.0,0.0,0.0,0.0,0.0,0.0,0.0,0.0,0.0,0.0,0.0,0.0,124.0,0.0,0.0,1.0,0.0,0.0,0.0,0.0,0.0,0.0,0.0,0.0,0.0,0.0,0.0,0.0,0.0,0.0,0.0,0.0,0.0,0.0,0.0,0.0,1.0,0.0,0.0,48.0,0.0,0.0,0.0,0.0,0.0,0.0,0.0,0.0,0.0,0.0,0.0,0.0,0.0,0.0,0.0,0.0,0.0,0.0,
SB_3_motion_13.avi.txt#SB_3_motion_13#0#0.0,0.0,0.0,0.0,0.0,0.0,0.0,0.0,0.0,0.0,0.0,0.0,0.0,0.0,0.0,0.0,0.0,0.0,0.0,0.0,0.0,0.0,0.0,0.0,0.0,0.0,0.0,14.0,1.0,0.0,0.0,0.0,0.0,0.0,0.0,1.0,16.0,0.0,0.0,0.0,0.0,0.0,0.0,0.0,0.0,0.0,0.0,0.0,0.0,0.0,0.0,0.0,0.0,0.0,0.0,0.0,0.0,0.0,0.0,0.0,0.0,0.0,0.0,0.0,
SB_3_motion_15.avi.txt#SB_3_motion_15#0#0.0,0.0,0.0,0.0,0.0,0.0,0.0,0.0,0.0,0.0,0.0,0.0,0.0,0.0,0.0,0.0,0.0,0.0,0.0,0.0,0.0,0.0,0.0,0.0,0.0,0.0,0.0,0.0,0.0,0.0,0.0,0.0,0.0,0.0,0.0,0.0,0.0,0.0,0.0,0.0,0.0,0.0,0.0,0.0,0.0,0.0,0.0,0.0,0.0,0.0,0.0,0.0,0.0,1.0,4.0,0.0,0.0,0.0,0.0,0.0,0.0,0.0,0.0,0.0,
SB_3_motion_15.avi.txt#SB_3_motion_15#0#0.0,0.0,0.0,0.0,0.0,0.0,0.0,0.0,0.0,0.0,0.0,0.0,0.0,0.0,0.0,0.0,0.0,0.0,0.0,0.0,0.0,0.0,0.0,0.0,0.0,0.0,0.0,0.0,0.0,0.0,0.0,0.0,0.0,0.0,0.0,0.0,0.0,0.0,0.0,0.0,0.0,0.0,0.0,0.0,0.0,17.0,1.0,0.0,0.0,0.0,0.0,0.0,0.0,1.0,21.0,0.0,0.0,0.0,0.0,0.0,0.0,0.0,0.0,0.0,
SB_3_motion_14.avi.txt#SB_3_motion_14#0#13.0,0.0,0.0,0.0,0.0,0.0,0.0,0.0,0.0,0.0,0.0,0.0,0.0,0.0,0.0,0.0,0.0,0.0,0.0,0.0,0.0,0.0,0.0,0.0,0.0,0.0,0.0,0.0,0.0,0.0,0.0,0.0,0.0,0.0,0.0,0.0,21.0,1.0,0.0,0.0,0.0,0.0,0.0,0.0,1.0,15.0,1.0,0.0,0.0,0.0,0.0,0.0,0.0,0.0,16.0,1.0,1.0,0.0,0.0,0.0,0.0,0.0,0.0,34.0,
SB_3_motion_14.avi.txt#SB_3_motion_14#0#16.0,1.0,0.0,0.0,0.0,0.0,0.0,0.0,1.0,20.0,1.0,0.0,0.0,0.0,0.0,0.0,0.0,0.0,7.0,1.0,0.0,0.0,0.0,0.0,0.0,0.0,0.0,40.0,1.0,0.0,0.0,0.0,0.0,0.0,0.0,0.0,8.0,1.0,0.0,0.0,0.0,0.0,0.0,0.0,0.0,0.0,0.0,0.0,0.0,0.0,0.0,0.0,0.0,0.0,0.0,0.0,0.0,0.0,0.0,0.0,0.0,0.0,0.0,0.0,
SB_3_motion_20.avi.txt#SB_3_motion_20#0#6.0,1.0,0.0,0.0,0.0,0.0,0.0,0.0,1.0,49.0,1.0,0.0,0.0,0.0,0.0,0.0,0.0,1.0,3.0,1.0,0.0,0.0,0.0,0.0,0.0,0.0,1.0,13.0,0.0,0.0,0.0,0.0,0.0,0.0,0.0,0.0,0.0,0.0,0.0,0.0,0.0,0.0,0.0,0.0,0.0,0.0,0.0,0.0,0.0,0.0,0.0,0.0,0.0,0.0,0.0,0.0,0.0,0.0,0.0,0.0,0.0,0.0,0.0,0.0,
SB_3_motion_20.avi.txt#SB_3_motion_20#0#0.0,0.0,0.0,0.0,0.0,0.0,0.0,0.0,0.0,0.0,0.0,0.0,0.0,0.0,0.0,0.0,0.0,0.0,3.0,1.0,0.0,0.0,0.0,0.0,0.0,0.0,0.0,6.0,1.0,0.0,0.0,0.0,0.0,0.0,0.0,0.0,29.0,0.0,1.0,0.0,0.0,0.0,0.0,0.0,1.0,1.0,0.0,0.0,0.0,0.0,0.0,0.0,0.0,1.0,46.0,0.0,0.0,0.0,0.0,0.0,0.0,0.0,0.0,0.0,
SB_3_motion_19.avi.txt#SB_3_motion_19#0#15.0,0.0,0.0,0.0,1.0,1.0,0.0,0.0,1.0,3.0,0.0,0.0,0.0,0.0,0.0,0.0,0.0,1.0,0.0,0.0,0.0,0.0,0.0,0.0,0.0,0.0,1.0,62.0,0.0,0.0,0.0,0.0,0.0,0.0,0.0,0.0,0.0,0.0,0.0,0.0,1.0,0.0,0.0,0.0,0.0,39.0,0.0,0.0,0.0,0.0,0.0,0.0,0.0,0.0,0.0,0.0,0.0,0.0,0.0,0.0,0.0,0.0,0.0,0.0,
SB_3_motion_19.avi.txt#SB_3_motion_19#0#0.0,0.0,0.0,0.0,0.0,0.0,0.0,0.0,0.0,0.0,0.0,0.0,0.0,0.0,0.0,0.0,0.0,0.0,0.0,0.0,0.0,0.0,0.0,0.0,0.0,0.0,0.0,0.0,0.0,0.0,0.0,0.0,0.0,0.0,0.0,0.0,0.0,0.0,0.0,0.0,0.0,0.0,0.0,0.0,0.0,6.0,0.0,0.0,0.0,0.0,0.0,0.0,0.0,0.0,0.0,0.0,0.0,0.0,0.0,0.0,0.0,0.0,0.0,0.0,
SB_PoolShot_3.avi.txt#SB_PoolShot_3#0#0.0,0.0,0.0,0.0,0.0,0.0,0.0,0.0,0.0,51.0,1.0,0.0,0.0,0.0,0.0,0.0,0.0,0.0,20.0,1.0,0.0,0.0,0.0,0.0,0.0,0.0,0.0,15.0,0.0,1.0,0.0,0.0,0.0,1.0,0.0,0.0,0.0,0.0,0.0,0.0,0.0,0.0,0.0,0.0,0.0,70.0,0.0,0.0,0.0,0.0,0.0,0.0,1.0,0.0,63.0,0.0,0.0,0.0,0.0,0.0,0.0,0.0,0.0,0.0,
SB_PoolShot_3.avi.txt#SB_PoolShot_3#0#0.0,0.0,0.0,0.0,0.0,0.0,0.0,0.0,0.0,99.0,0.0,0.0,0.0,0.0,0.0,0.0,0.0,0.0,0.0,0.0,0.0,0.0,0.0,0.0,0.0,0.0,0.0,0.0,0.0,0.0,0.0,0.0,0.0,0.0,0.0,0.0,0.0,0.0,0.0,0.0,0.0,0.0,0.0,0.0,0.0,0.0,0.0,0.0,0.0,0.0,0.0,0.0,0.0,0.0,0.0,0.0,0.0,0.0,0.0,0.0,0.0,0.0,0.0,0.0,
