SE_Pentagon.avi.txt#SE_Pentagon#2.0#0.0,0.0,0.0,1.0,0.0,0.0,1.0,0.0,1.0,0.0,0.0,0.0,0.0,0.0,0.0,0.0,0.0,0.0,0.0,0.0,
SE_Pentagon.avi.txt#SE_Pentagon#2.0#0.0,0.0,0.0,0.0,0.0,0.0,0.0,0.0,1.0,0.0,0.0,0.0,0.0,0.0,0.0,0.0,0.0,0.0,0.0,0.0,
SE_Triangle.avi.txt#SE_Triangle#2.0#0.0,0.0,0.0,1.0,0.0,0.0,0.0,0.0,0.0,0.0,0.0,0.0,0.0,0.0,0.0,0.0,1.0,0.0,1.0,0.0,
SE_Triangle.avi.txt#SE_Triangle#2.0#0.0,0.0,0.0,0.0,0.0,0.0,0.0,0.0,0.0,0.0,0.0,0.0,0.0,0.0,1.0,0.0,0.0,0.0,0.0,0.0,
SE_Simple_Harmonic_Motion.avi.txt#SE_Simple_Harmonic_Motion#144.0#1.0,0.0,1.0,0.0,0.0,0.0,1.0,0.0,0.0,0.0,0.0,0.0,0.0,1.0,1.0,0.0,0.0,0.0,0.0,0.0,
SE_Simple_Harmonic_Motion.avi.txt#SE_Simple_Harmonic_Motion#2.0#0.0,0.0,1.0,0.0,0.0,1.0,0.0,0.0,0.0,0.0,0.0,0.0,0.0,1.0,1.0,0.0,0.0,0.0,0.0,0.0,
SE_2_motion_17.avi.txt#SE_2_motion_17#2.0#1.0,0.0,0.0,0.0,0.0,0.0,0.0,0.0,0.0,1.0,0.0,1.0,0.0,1.0,0.0,0.0,0.0,0.0,0.0,0.0,
SE_2_motion_17.avi.txt#SE_2_motion_17#2.0#0.0,0.0,1.0,0.0,0.0,0.0,0.0,0.0,0.0,0.0,0.0,0.0,0.0,0.0,0.0,0.0,0.0,0.0,0.0,0.0,
SE_3_motion_4.avi.txt#SE_3_motion_4#2.0#0.0,0.0,0.0,0.0,0.0,1.0,0.0,0.0,0.0,0.0,0.0,2.0,0.0,1.0,0.0,0.0,0.0,0.0,0.0,0.0,
SE_3_motion_4.avi.txt#SE_3_motion_4#2.0#0.0,0.0,0.0,0.0,0.0,1.0,0.0,0.0,0.0,0.0,0.0,0.0,0.0,0.0,1.0,0.0,0.0,0.0,1.0,0.0,
SE_2_motion_16.avi.txt#SE_2_motion_16#2.0#1.0,0.0,0.0,0.0,0.0,0.0,0.0,0.0,0.0,0.0,0.0,0.0,0.0,0.0,0.0,0.0,0.0,0.0,0.0,0.0,
SE_2_motion_16.avi.txt#SE_2_motion_16#2.0#0.0,0.0,0.0,0.0,1.0,0.0,0.0,0.0,0.0,0.0,0.0,0.0,0.0,1.0,0.0,0.0,0.0,0.0,0.0,0.0,
SC_3_motion_5.avi.txt#SC_3_motion_5#2.0#0.0,0.0,1.0,0.0,0.0,0.0,1.0,0.0,0.0,0.0,0.0,1.0,0.0,0.0,0.0,1.0,0.0,0.0,0.0,0.0,
SC_3_motion_5.avi.txt#SC_3_motion_5#2.0#0.0,0.0,0.0,0.0,1.0,0.0,1.0,1.0,0.0,0.0,0.0,0.0,0.0,0.0,0.0,0.0,0.0,0.0,1.0,0.0,
SC_2_Motion_4.avi.txt#SC_2_Motion_4#2.0#1.0,4.0,0.0,0.0,0.0,0.0,0.0,0.0,0.0,3.0,4.0,0.0,0.0,0.0,1.0,0.0,0.0,0.0,0.0,0.0,
SC_2_Motion_4.avi.txt#SC_2_Motion_4#2.0#1.0,0.0,2.0,0.0,0.0,1.0,1.0,0.0,0.0,0.0,0.0,2.0,0.0,0.0,0.0,0.0,0.0,0.0,0.0,0.0,
SC_3_motion_2.avi.txt#SC_3_motion_2#8.0#0.0,0.0,0.0,2.0,0.0,0.0,0.0,0.0,1.0,0.0,0.0,0.0,0.0,0.0,0.0,1.0,0.0,0.0,0.0,0.0,
SC_3_motion_2.avi.txt#SC_3_motion_2#25.0#0.0,0.0,0.0,0.0,0.0,0.0,2.0,0.0,0.0,0.0,0.0,0.0,0.0,0.0,0.0,0.0,0.0,0.0,2.0,0.0,
SC_3_motion_3.avi.txt#SC_3_motion_3#2.0#0.0,0.0,1.0,0.0,2.0,0.0,0.0,0.0,0.0,0.0,0.0,0.0,2.0,0.0,2.0,0.0,0.0,0.0,0.0,0.0,
SC_3_motion_3.avi.txt#SC_3_motion_3#2.0#0.0,0.0,0.0,0.0,0.0,2.0,1.0,0.0,0.0,0.0,0.0,0.0,0.0,0.0,0.0,2.0,0.0,0.0,2.0,0.0,
SC_3_motion_8.avi.txt#SC_3_motion_8#16.0#0.0,0.0,0.0,0.0,1.0,0.0,2.0,2.0,2.0,0.0,0.0,2.0,0.0,0.0,0.0,0.0,0.0,0.0,0.0,0.0,
SC_3_motion_8.avi.txt#SC_3_motion_8#39.0#0.0,0.0,1.0,0.0,1.0,2.0,1.0,0.0,0.0,0.0,0.0,2.0,3.0,3.0,1.0,0.0,0.0,0.0,0.0,0.0,
SC_HalfSine_Descending_RL.avi.txt#SC_HalfSine_Descending_RL#9.0#1.0,0.0,3.0,0.0,0.0,0.0,4.0,2.0,0.0,0.0,0.0,0.0,0.0,0.0,0.0,0.0,0.0,0.0,0.0,0.0,
SC_HalfSine_Descending_RL.avi.txt#SC_HalfSine_Descending_RL#32.0#0.0,0.0,0.0,0.0,0.0,1.0,0.0,1.0,0.0,0.0,0.0,0.0,0.0,0.0,0.0,0.0,0.0,0.0,0.0,1.0,
SC_HalfSine_RL.avi.txt#SC_HalfSine_RL#22.0#0.0,0.0,3.0,0.0,0.0,0.0,4.0,2.0,0.0,0.0,0.0,0.0,0.0,0.0,0.0,0.0,0.0,0.0,0.0,0.0,
SC_HalfSine_RL.avi.txt#SC_HalfSine_RL#2.0#1.0,0.0,0.0,0.0,0.0,0.0,0.0,0.0,0.0,0.0,0.0,0.0,0.0,0.0,0.0,0.0,0.0,0.0,0.0,0.0,
SC_2_Motion_1.avi.txt#SC_2_Motion_1#2.0#1.0,4.0,0.0,0.0,0.0,0.0,0.0,0.0,0.0,3.0,4.0,0.0,0.0,0.0,1.0,0.0,0.0,0.0,0.0,0.0,
SC_2_Motion_1.avi.txt#SC_2_Motion_1#520.0#0.0,1.0,0.0,1.0,1.0,0.0,0.0,1.0,0.0,1.0,0.0,1.0,0.0,0.0,1.0,0.0,0.0,0.0,0.0,0.0,
SC_2_Motion_2.avi.txt#SC_2_Motion_2#2.0#1.0,4.0,0.0,0.0,0.0,0.0,0.0,0.0,0.0,3.0,4.0,0.0,0.0,0.0,1.0,0.0,0.0,0.0,0.0,0.0,
SC_2_Motion_2.avi.txt#SC_2_Motion_2#2.0#0.0,0.0,0.0,1.0,0.0,0.0,0.0,0.0,0.0,0.0,0.0,1.0,0.0,0.0,1.0,0.0,0.0,0.0,0.0,1.0,
SC_2_Motion_8.avi.txt#SC_2_Motion_8#2.0#0.0,3.0,0.0,0.0,0.0,0.0,0.0,0.0,0.0,4.0,4.0,0.0,0.0,0.0,0.0,0.0,1.0,0.0,0.0,0.0,
SC_2_Motion_8.avi.txt#SC_2_Motion_8#362.0#0.0,0.0,0.0,0.0,0.0,0.0,4.0,3.0,3.0,0.0,0.0,0.0,1.0,0.0,0.0,1.0,0.0,0.0,0.0,0.0,
SC_3_motion_10.avi.txt#SC_3_motion_10#21.0#0.0,0.0,0.0,0.0,0.0,1.0,0.0,0.0,0.0,0.0,0.0,0.0,0.0,0.0,0.0,0.0,0.0,0.0,0.0,0.0,
SC_3_motion_10.avi.txt#SC_3_motion_10#181.0#0.0,0.0,0.0,0.0,1.0,1.0,4.0,4.0,1.0,0.0,0.0,4.0,0.0,1.0,0.0,0.0,0.0,0.0,0.0,0.0,
SC_Circle_CW_ACW.avi.txt#SC_Circle_CW_ACW#2.0#0.0,1.0,0.0,1.0,0.0,0.0,0.0,0.0,0.0,1.0,1.0,0.0,0.0,0.0,1.0,0.0,1.0,0.0,0.0,1.0,
SC_Circle_CW_ACW.avi.txt#SC_Circle_CW_ACW#199.0#0.0,0.0,0.0,0.0,0.0,0.0,0.0,0.0,0.0,1.0,1.0,0.0,0.0,0.0,0.0,0.0,1.0,0.0,0.0,0.0,
SC_2_motion_10.avi.txt#SC_2_motion_10#39.0#0.0,0.0,1.0,0.0,1.0,2.0,1.0,0.0,0.0,0.0,0.0,2.0,3.0,3.0,1.0,0.0,0.0,0.0,0.0,0.0,
SC_2_motion_10.avi.txt#SC_2_motion_10#39.0#0.0,0.0,1.0,0.0,0.0,2.0,2.0,1.0,2.0,0.0,0.0,0.0,0.0,0.0,1.0,3.0,0.0,0.0,2.0,0.0,
SD_MixedMotion_6.avi.txt#SD_MixedMotion_6#2.0#0.0,0.0,2.0,1.0,1.0,4.0,6.0,4.0,5.0,0.0,0.0,2.0,4.0,0.0,2.0,2.0,0.0,0.0,1.0,0.0,
SD_MixedMotion_6.avi.txt#SD_MixedMotion_6#2.0#0.0,0.0,0.0,0.0,0.0,0.0,0.0,0.0,0.0,0.0,0.0,0.0,0.0,0.0,1.0,0.0,0.0,0.0,0.0,0.0,
SD_MixedMotion_8.avi.txt#SD_MixedMotion_8#2.0#0.0,0.0,0.0,1.0,0.0,0.0,1.0,0.0,0.0,0.0,0.0,1.0,0.0,1.0,1.0,0.0,0.0,0.0,0.0,0.0,
SD_MixedMotion_8.avi.txt#SD_MixedMotion_8#2.0#0.0,0.0,0.0,0.0,0.0,0.0,0.0,0.0,0.0,0.0,0.0,0.0,0.0,0.0,1.0,0.0,0.0,0.0,0.0,0.0,
SD_MixedMotion_3.avi.txt#SD_MixedMotion_3#2.0#0.0,0.0,0.0,0.0,1.0,0.0,2.0,0.0,0.0,0.0,0.0,0.0,1.0,0.0,0.0,1.0,0.0,0.0,1.0,0.0,
SD_MixedMotion_3.avi.txt#SD_MixedMotion_3#2.0#0.0,0.0,0.0,0.0,0.0,0.0,0.0,0.0,1.0,0.0,0.0,0.0,0.0,0.0,0.0,0.0,0.0,0.0,0.0,0.0,
SD_MixedMotion_5.avi.txt#SD_MixedMotion_5#2.0#0.0,0.0,0.0,0.0,0.0,1.0,0.0,1.0,0.0,0.0,0.0,0.0,0.0,1.0,1.0,0.0,0.0,0.0,0.0,0.0,
SD_MixedMotion_5.avi.txt#SD_MixedMotion_5#2.0#0.0,0.0,0.0,0.0,0.0,0.0,0.0,0.0,1.0,0.0,0.0,0.0,0.0,0.0,0.0,0.0,0.0,0.0,0.0,0.0,
SD_MixedMotion_2.avi.txt#SD_MixedMotion_2#15.0#0.0,0.0,0.0,1.0,0.0,0.0,0.0,0.0,0.0,0.0,0.0,0.0,0.0,0.0,0.0,0.0,0.0,0.0,0.0,0.0,
SD_MixedMotion_2.avi.txt#SD_MixedMotion_2#2.0#0.0,0.0,0.0,1.0,0.0,0.0,0.0,0.0,0.0,0.0,0.0,0.0,0.0,0.0,0.0,0.0,0.0,0.0,0.0,0.0,
SD_MixedMotion_7.avi.txt#SD_MixedMotion_7#4.0#0.0,0.0,1.0,0.0,0.0,0.0,0.0,0.0,0.0,0.0,0.0,0.0,1.0,2.0,1.0,0.0,0.0,0.0,0.0,0.0,
SD_MixedMotion_7.avi.txt#SD_MixedMotion_7#2.0#0.0,0.0,0.0,0.0,0.0,0.0,1.0,0.0,0.0,0.0,0.0,0.0,0.0,0.0,0.0,0.0,0.0,0.0,0.0,0.0,
SD_MixedMotion_10.avi.txt#SD_MixedMotion_10#2.0#0.0,0.0,0.0,0.0,1.0,0.0,0.0,0.0,0.0,0.0,1.0,0.0,1.0,0.0,1.0,0.0,0.0,0.0,1.0,0.0,
SD_MixedMotion_10.avi.txt#SD_MixedMotion_10#18.0#0.0,0.0,0.0,0.0,0.0,0.0,0.0,0.0,0.0,0.0,0.0,0.0,1.0,0.0,0.0,0.0,0.0,0.0,0.0,0.0,
SD_MixedMotion_4.avi.txt#SD_MixedMotion_4#3.0#0.0,0.0,1.0,0.0,0.0,0.0,2.0,0.0,2.0,0.0,0.0,2.0,0.0,0.0,0.0,0.0,0.0,0.0,0.0,0.0,
SD_MixedMotion_4.avi.txt#SD_MixedMotion_4#1.0#0.0,0.0,0.0,0.0,0.0,0.0,0.0,0.0,0.0,0.0,0.0,0.0,1.0,0.0,0.0,0.0,0.0,0.0,0.0,0.0,
SD_MixedMotion_1.avi.txt#SD_MixedMotion_1#2.0#0.0,0.0,0.0,0.0,0.0,0.0,0.0,0.0,0.0,0.0,0.0,0.0,0.0,0.0,1.0,0.0,0.0,0.0,1.0,0.0,
SD_MixedMotion_1.avi.txt#SD_MixedMotion_1#56.0#0.0,0.0,0.0,0.0,0.0,0.0,0.0,0.0,0.0,0.0,0.0,0.0,0.0,0.0,0.0,1.0,0.0,0.0,0.0,0.0,
SD_MixedMotion_9.avi.txt#SD_MixedMotion_9#118.0#0.0,0.0,1.0,0.0,0.0,0.0,0.0,0.0,0.0,0.0,0.0,0.0,1.0,1.0,1.0,0.0,0.0,0.0,0.0,0.0,
SD_MixedMotion_9.avi.txt#SD_MixedMotion_9#2.0#0.0,0.0,0.0,0.0,0.0,0.0,0.0,0.0,1.0,0.0,0.0,0.0,0.0,0.0,0.0,0.0,0.0,0.0,0.0,0.0,
SA_2_motion_11.avi.txt#SA_2_motion_11#2.0#0.0,0.0,0.0,1.0,0.0,0.0,0.0,0.0,0.0,0.0,0.0,0.0,0.0,0.0,0.0,0.0,0.0,0.0,0.0,0.0,
SA_2_motion_11.avi.txt#SA_2_motion_11#2.0#0.0,0.0,0.0,0.0,0.0,0.0,0.0,0.0,0.0,0.0,0.0,0.0,0.0,0.0,0.0,1.0,0.0,0.0,0.0,0.0,
SA_2_motion_21.avi.txt#SA_2_motion_21#2.0#0.0,0.0,0.0,0.0,0.0,0.0,0.0,0.0,0.0,0.0,0.0,0.0,0.0,0.0,0.0,0.0,1.0,0.0,0.0,0.0,
SA_2_motion_21.avi.txt#SA_2_motion_21#2.0#0.0,0.0,0.0,0.0,0.0,0.0,0.0,0.0,0.0,0.0,0.0,0.0,0.0,0.0,0.0,1.0,0.0,0.0,0.0,0.0,
SA_3_motion_23.avi.txt#SA_3_motion_23#2.0#0.0,0.0,0.0,0.0,0.0,0.0,0.0,0.0,1.0,0.0,0.0,0.0,0.0,0.0,0.0,0.0,0.0,0.0,0.0,0.0,
SA_3_motion_23.avi.txt#SA_3_motion_23#5.0#0.0,0.0,1.0,0.0,0.0,0.0,0.0,0.0,0.0,0.0,0.0,0.0,0.0,0.0,0.0,0.0,0.0,0.0,0.0,0.0,
SA_2_motion_13.avi.txt#SA_2_motion_13#2.0#0.0,0.0,0.0,0.0,1.0,0.0,0.0,0.0,0.0,0.0,0.0,0.0,0.0,0.0,0.0,0.0,0.0,0.0,0.0,0.0,
SA_2_motion_13.avi.txt#SA_2_motion_13#2.0#0.0,0.0,0.0,0.0,0.0,0.0,0.0,0.0,0.0,0.0,0.0,0.0,0.0,0.0,0.0,1.0,0.0,0.0,0.0,0.0,
SA_3_motion_24.avi.txt#SA_3_motion_24#2.0#0.0,0.0,0.0,0.0,0.0,0.0,0.0,0.0,0.0,0.0,0.0,0.0,0.0,0.0,0.0,0.0,0.0,0.0,0.0,1.0,
SA_3_motion_24.avi.txt#SA_3_motion_24#2.0#0.0,0.0,0.0,0.0,0.0,0.0,0.0,0.0,0.0,0.0,0.0,0.0,0.0,0.0,0.0,0.0,1.0,0.0,0.0,0.0,
SA_3_motion_25.avi.txt#SA_3_motion_25#7.0#0.0,0.0,0.0,0.0,0.0,1.0,0.0,0.0,0.0,0.0,0.0,0.0,0.0,0.0,0.0,0.0,0.0,0.0,0.0,0.0,
SA_3_motion_25.avi.txt#SA_3_motion_25#11.0#0.0,0.0,0.0,1.0,0.0,0.0,0.0,0.0,0.0,0.0,0.0,0.0,0.0,0.0,0.0,0.0,0.0,0.0,0.0,0.0,
SA_3_motion_27.avi.txt#SA_3_motion_27#3.0#0.0,0.0,0.0,0.0,1.0,0.0,0.0,0.0,0.0,0.0,0.0,0.0,0.0,0.0,0.0,0.0,0.0,0.0,0.0,0.0,
SA_3_motion_27.avi.txt#SA_3_motion_27#2.0#0.0,0.0,0.0,0.0,1.0,0.0,0.0,0.0,0.0,0.0,0.0,0.0,0.0,0.0,0.0,0.0,0.0,0.0,0.0,0.0,
SA_3_motion_29.avi.txt#SA_3_motion_29#2.0#0.0,0.0,0.0,0.0,0.0,0.0,0.0,0.0,1.0,0.0,0.0,0.0,0.0,0.0,0.0,0.0,0.0,0.0,0.0,0.0,
SA_3_motion_29.avi.txt#SA_3_motion_29#10.0#1.0,0.0,0.0,0.0,0.0,0.0,0.0,0.0,0.0,0.0,0.0,0.0,0.0,0.0,0.0,0.0,0.0,0.0,0.0,0.0,
SA_2_motion_14.avi.txt#SA_2_motion_14#2.0#0.0,0.0,0.0,0.0,0.0,0.0,0.0,0.0,0.0,0.0,0.0,0.0,0.0,0.0,0.0,1.0,0.0,0.0,0.0,0.0,
SA_2_motion_14.avi.txt#SA_2_motion_14#81.0#0.0,1.0,0.0,0.0,0.0,0.0,0.0,0.0,0.0,0.0,0.0,0.0,0.0,0.0,0.0,0.0,0.0,0.0,0.0,0.0,
SA_2_motion_25.avi.txt#SA_2_motion_25#2.0#0.0,1.0,0.0,0.0,0.0,0.0,0.0,0.0,0.0,0.0,0.0,0.0,0.0,0.0,0.0,0.0,0.0,0.0,0.0,0.0,
SA_2_motion_25.avi.txt#SA_2_motion_25#2.0#0.0,0.0,0.0,0.0,0.0,0.0,0.0,1.0,0.0,0.0,0.0,0.0,0.0,0.0,0.0,0.0,0.0,0.0,0.0,0.0,
SA_2_motion_22.avi.txt#SA_2_motion_22#2.0#0.0,0.0,0.0,0.0,0.0,0.0,0.0,0.0,0.0,0.0,0.0,0.0,0.0,0.0,0.0,0.0,1.0,0.0,0.0,0.0,
SA_2_motion_22.avi.txt#SA_2_motion_22#2.0#0.0,0.0,0.0,0.0,0.0,0.0,0.0,0.0,0.0,0.0,0.0,0.0,0.0,0.0,0.0,0.0,0.0,1.0,0.0,0.0,
SA_2_motion_15.avi.txt#SA_2_motion_15#43.0#2.0,0.0,0.0,0.0,0.0,0.0,0.0,2.0,0.0,0.0,0.0,0.0,0.0,0.0,1.0,0.0,0.0,0.0,1.0,0.0,
SA_2_motion_15.avi.txt#SA_2_motion_15#43.0#0.0,0.0,2.0,0.0,0.0,0.0,3.0,0.0,0.0,0.0,0.0,0.0,0.0,0.0,0.0,0.0,0.0,0.0,0.0,1.0,
SA_2_motion_28.avi.txt#SA_2_motion_28#3.0#0.0,1.0,0.0,0.0,0.0,0.0,0.0,0.0,0.0,0.0,0.0,0.0,0.0,0.0,0.0,0.0,0.0,0.0,0.0,0.0,
SA_2_motion_28.avi.txt#SA_2_motion_28#121.0#0.0,0.0,0.0,0.0,0.0,0.0,0.0,0.0,0.0,0.0,0.0,0.0,0.0,0.0,0.0,1.0,0.0,0.0,0.0,0.0,
SA_2_motion_30.avi.txt#SA_2_motion_30#1.0#0.0,0.0,0.0,0.0,0.0,0.0,1.0,0.0,0.0,0.0,0.0,0.0,0.0,0.0,0.0,0.0,0.0,0.0,0.0,0.0,
SA_2_motion_30.avi.txt#SA_2_motion_30#2.0#0.0,0.0,0.0,0.0,1.0,0.0,0.0,0.0,0.0,0.0,0.0,0.0,0.0,0.0,0.0,0.0,0.0,0.0,0.0,0.0,
SA_2_motion_27.avi.txt#SA_2_motion_27#10.0#0.0,0.0,0.0,0.0,0.0,0.0,0.0,0.0,0.0,0.0,0.0,0.0,0.0,0.0,0.0,0.0,0.0,1.0,0.0,0.0,
SA_2_motion_27.avi.txt#SA_2_motion_27#110.0#0.0,0.0,0.0,0.0,0.0,0.0,0.0,0.0,0.0,0.0,0.0,1.0,0.0,0.0,0.0,0.0,0.0,0.0,0.0,0.0,
SA_3_motion_26.avi.txt#SA_3_motion_26#7.0#0.0,0.0,0.0,0.0,1.0,0.0,0.0,0.0,0.0,0.0,0.0,0.0,0.0,0.0,0.0,0.0,0.0,0.0,0.0,0.0,
SA_3_motion_26.avi.txt#SA_3_motion_26#10.0#0.0,0.0,0.0,1.0,0.0,0.0,0.0,0.0,0.0,0.0,0.0,0.0,0.0,0.0,0.0,0.0,0.0,0.0,0.0,0.0,
SA_3_motion_21.avi.txt#SA_3_motion_21#2.0#0.0,0.0,1.0,0.0,0.0,0.0,0.0,0.0,0.0,0.0,0.0,0.0,0.0,0.0,0.0,0.0,0.0,0.0,0.0,0.0,
SA_3_motion_21.avi.txt#SA_3_motion_21#5.0#0.0,0.0,1.0,0.0,0.0,0.0,0.0,0.0,0.0,0.0,0.0,0.0,0.0,0.0,0.0,0.0,0.0,0.0,0.0,0.0,
SA_2_motion_24.avi.txt#SA_2_motion_24#3.0#0.0,0.0,0.0,0.0,0.0,0.0,0.0,0.0,0.0,0.0,0.0,0.0,0.0,0.0,0.0,1.0,0.0,0.0,0.0,0.0,
SA_2_motion_24.avi.txt#SA_2_motion_24#14.0#0.0,0.0,0.0,0.0,0.0,0.0,0.0,0.0,1.0,0.0,0.0,0.0,0.0,0.0,0.0,0.0,0.0,0.0,0.0,0.0,
SA_2_motion_12.avi.txt#SA_2_motion_12#2.0#0.0,0.0,0.0,0.0,0.0,0.0,0.0,0.0,0.0,0.0,0.0,0.0,0.0,0.0,0.0,1.0,0.0,0.0,0.0,0.0,
SA_2_motion_12.avi.txt#SA_2_motion_12#81.0#0.0,0.0,0.0,1.0,0.0,0.0,0.0,0.0,0.0,0.0,0.0,0.0,0.0,0.0,0.0,0.0,0.0,0.0,0.0,0.0,
SA_2_motion_26.avi.txt#SA_2_motion_26#2.0#0.0,0.0,0.0,0.0,0.0,0.0,0.0,0.0,0.0,0.0,0.0,0.0,0.0,0.0,0.0,0.0,0.0,1.0,0.0,0.0,
SA_2_motion_26.avi.txt#SA_2_motion_26#55.0#0.0,0.0,0.0,0.0,0.0,0.0,0.0,0.0,0.0,0.0,0.0,0.0,0.0,0.0,0.0,1.0,0.0,0.0,0.0,0.0,
SA_2_motion_23.avi.txt#SA_2_motion_23#11.0#0.0,0.0,0.0,0.0,0.0,0.0,0.0,0.0,0.0,0.0,0.0,0.0,0.0,0.0,0.0,0.0,0.0,0.0,0.0,1.0,
SA_2_motion_23.avi.txt#SA_2_motion_23#2.0#0.0,0.0,0.0,0.0,0.0,0.0,0.0,0.0,0.0,0.0,0.0,0.0,0.0,0.0,0.0,0.0,0.0,1.0,0.0,0.0,
SA_2_motion_29.avi.txt#SA_2_motion_29#2.0#0.0,0.0,0.0,0.0,0.0,0.0,0.0,0.0,0.0,0.0,0.0,1.0,0.0,0.0,0.0,0.0,0.0,0.0,0.0,1.0,
SA_2_motion_29.avi.txt#SA_2_motion_29#61.0#0.0,0.0,0.0,0.0,0.0,0.0,0.0,0.0,0.0,0.0,0.0,0.0,0.0,0.0,0.0,0.0,0.0,0.0,1.0,0.0,
SA_3_motion_30.avi.txt#SA_3_motion_30#2.0#0.0,0.0,0.0,0.0,0.0,0.0,0.0,0.0,0.0,0.0,0.0,0.0,0.0,0.0,0.0,0.0,1.0,0.0,0.0,0.0,
SA_3_motion_30.avi.txt#SA_3_motion_30#2.0#0.0,0.0,0.0,0.0,0.0,0.0,0.0,0.0,1.0,0.0,0.0,0.0,0.0,0.0,0.0,0.0,0.0,0.0,0.0,0.0,
SA_3_motion_22.avi.txt#SA_3_motion_22#5.0#0.0,0.0,1.0,0.0,0.0,0.0,0.0,0.0,0.0,0.0,0.0,0.0,0.0,0.0,0.0,0.0,0.0,0.0,0.0,0.0,
SA_3_motion_22.avi.txt#SA_3_motion_22#6.0#0.0,0.0,0.0,0.0,0.0,0.0,0.0,0.0,0.0,0.0,0.0,0.0,0.0,0.0,0.0,0.0,0.0,0.0,1.0,0.0,
SB_3_motion_16.avi.txt#SB_3_motion_16#2.0#0.0,0.0,0.0,0.0,0.0,0.0,0.0,0.0,0.0,0.0,0.0,0.0,0.0,1.0,2.0,0.0,0.0,0.0,0.0,0.0,
SB_3_motion_16.avi.txt#SB_3_motion_16#2.0#0.0,0.0,0.0,0.0,0.0,0.0,0.0,0.0,0.0,0.0,0.0,0.0,0.0,0.0,1.0,0.0,0.0,0.0,0.0,0.0,
SB_2_motion_19.avi.txt#SB_2_motion_19#1.0#0.0,0.0,0.0,0.0,0.0,0.0,1.0,0.0,0.0,0.0,0.0,0.0,1.0,0.0,0.0,0.0,0.0,0.0,0.0,0.0,
SB_2_motion_19.avi.txt#SB_2_motion_19#2.0#1.0,0.0,0.0,0.0,0.0,0.0,0.0,0.0,0.0,0.0,0.0,0.0,0.0,0.0,0.0,0.0,0.0,0.0,0.0,0.0,
SB_3_motion_13.avi.txt#SB_3_motion_13#33.0#0.0,0.0,0.0,0.0,0.0,0.0,0.0,0.0,0.0,0.0,0.0,0.0,0.0,1.0,1.0,0.0,0.0,0.0,0.0,1.0,
SB_3_motion_13.avi.txt#SB_3_motion_13#32.0#0.0,0.0,0.0,0.0,0.0,0.0,0.0,0.0,0.0,0.0,0.0,0.0,0.0,0.0,0.0,1.0,0.0,0.0,0.0,0.0,
SB_3_motion_15.avi.txt#SB_3_motion_15#1.0#0.0,0.0,0.0,0.0,0.0,0.0,1.0,0.0,0.0,0.0,0.0,0.0,0.0,0.0,0.0,0.0,0.0,0.0,0.0,0.0,
SB_3_motion_15.avi.txt#SB_3_motion_15#2.0#0.0,0.0,0.0,0.0,0.0,0.0,0.0,0.0,0.0,0.0,0.0,0.0,0.0,0.0,1.0,0.0,0.0,0.0,0.0,0.0,
SB_3_motion_14.avi.txt#SB_3_motion_14#2.0#0.0,0.0,0.0,0.0,0.0,0.0,0.0,0.0,0.0,1.0,0.0,0.0,0.0,0.0,1.0,0.0,0.0,0.0,0.0,0.0,
SB_3_motion_14.avi.txt#SB_3_motion_14#62.0#0.0,0.0,1.0,0.0,1.0,0.0,0.0,0.0,0.0,0.0,0.0,0.0,0.0,0.0,0.0,0.0,0.0,0.0,0.0,0.0,
SB_3_motion_20.avi.txt#SB_3_motion_20#2.0#0.0,0.0,1.0,0.0,1.0,0.0,0.0,0.0,0.0,0.0,0.0,0.0,1.0,0.0,0.0,0.0,0.0,0.0,0.0,0.0,
SB_3_motion_20.avi.txt#SB_3_motion_20#73.0#1.0,0.0,0.0,0.0,0.0,0.0,0.0,0.0,0.0,0.0,0.0,1.0,0.0,0.0,1.0,0.0,0.0,0.0,0.0,0.0,
SB_3_motion_19.avi.txt#SB_3_motion_19#2.0#0.0,0.0,0.0,0.0,0.0,0.0,0.0,0.0,1.0,0.0,0.0,0.0,2.0,0.0,1.0,0.0,0.0,0.0,0.0,0.0,
SB_3_motion_19.avi.txt#SB_3_motion_19#1.0#0.0,0.0,0.0,0.0,0.0,0.0,0.0,0.0,0.0,0.0,0.0,0.0,0.0,0.0,1.0,0.0,0.0,0.0,0.0,0.0,
SB_PoolShot_3.avi.txt#SB_PoolShot_3#22.0#1.0,0.0,0.0,0.0,1.0,0.0,0.0,0.0,0.0,0.0,1.0,0.0,0.0,0.0,0.0,0.0,1.0,0.0,0.0,0.0,
SB_PoolShot_3.avi.txt#SB_PoolShot_3#2.0#0.0,0.0,0.0,0.0,0.0,0.0,0.0,0.0,0.0,0.0,0.0,0.0,0.0,0.0,0.0,0.0,0.0,0.0,0.0,1.0,
