SE_Pentagon.avi.txt#SE_Pentagon#2.0#55.6886335157,73.0516560441,-45.0,70.8923322864,54.8220233068,26.2031988228,-180.0,67.307303296,19.1031531999,47.8831552496,90.0,66.2937496569,
SE_Pentagon.avi.txt#SE_Pentagon#2.0#44.1282324561,81.4506885965,-45.0,54.2839946803,
SE_Triangle.avi.txt#SE_Triangle#2.0#35.8064697498,51.747880976,45.0,68.9479537555,68.1872134725,48.5794878177,-90.0,70.9094711185,51.3831276015,16.6117223898,-180.0,62.1007972126,
SE_Triangle.avi.txt#SE_Triangle#2.0#22.3861907895,22.8985877193,45.0,16.7926994619,
SE_Simple_Harmonic_Motion.avi.txt#SE_Simple_Harmonic_Motion#144.0#32.1489183801,53.9682841153,90.0,34.4558526145,32.2983594735,55.658888707,-90.0,36.6024761399,48.2388033554,54.0509888709,45.0,38.0908331845,48.5663187372,53.423277235,-135.0,37.2627732038,27.6028909018,72.7482995581,90.0,80.1337711718,
SE_Simple_Harmonic_Motion.avi.txt#SE_Simple_Harmonic_Motion#2.0#32.6236580494,53.5701924458,-90.0,36.420127263,48.3433261465,53.8924548865,45.0,36.6128662916,48.8699629267,53.9396688108,-135.0,36.5254288216,33.2528340221,42.8624551405,135.0,17.4584526947,
SE_2_motion_17.avi.txt#SE_2_motion_17#2.0#34.5879937763,46.2487230244,-90.0,41.7681060555,54.2924784986,27.0419126693,0.0,28.8543080189,68.0414161317,52.7173094229,90.0,42.8392191425,49.8093285871,73.337597165,135.0,29.4806430493,
SE_2_motion_17.avi.txt#SE_2_motion_17#2.0#34.4808653846,67.2092948718,-135.0,13.9578774902,
SE_3_motion_4.avi.txt#SE_3_motion_4#2.0#39.9260336807,51.6656644665,0.0,13.7173904643,34.1655907135,54.3872024545,135.0,26.6257263454,20.9771806861,47.46311811,-90.0,22.7668569945,46.0303206805,39.1443906109,0.0,34.0612682,
SE_3_motion_4.avi.txt#SE_3_motion_4#2.0#79.9926460017,49.9045867378,-90.0,19.0037005206,49.8920697198,45.3707324297,135.0,52.1989988337,26.7816173945,56.7227139617,45.0,15.0861161729,
SE_2_motion_16.avi.txt#SE_2_motion_16#2.0#66.2633183962,60.5910509434,90.0,57.2401857843,
SE_2_motion_16.avi.txt#SE_2_motion_16#2.0#34.6909068352,46.2478589194,-90.0,41.625037075,53.1162635228,26.8443388419,-45.0,29.0333406366,
SC_3_motion_5.avi.txt#SC_3_motion_5#2.0#52.1631265426,65.1206952479,0.0,14.260367106,56.79917981,76.3181458549,90.0,16.0076405888,45.6573169075,75.1698179474,-135.0,16.0824432038,55.128124323,66.5290825454,0.0,18.5235032046,
SC_3_motion_5.avi.txt#SC_3_motion_5#2.0#75.0408660049,34.5106249465,-45.0,15.5174533499,78.0503719884,22.972287223,-135.0,15.6295519166,66.9053524112,27.8797759345,90.0,19.9928079263,81.2261678884,31.6348550832,-90.0,28.8392123277,
SC_2_Motion_4.avi.txt#SC_2_Motion_4#2.0#68.0024266545,77.1366704428,135.0,61.7505009318,23.356337731,55.2937113934,-135.0,66.5312951099,62.2740682191,22.9244720507,0.0,66.5898316348,69.9059121802,74.2283036664,135.0,62.0821666874,22.9225337596,55.9544382743,-135.0,66.9973429439,61.7798933944,22.5397014394,0.0,65.6564462669,70.7606416397,73.5090834792,135.0,59.924017583,23.6991420198,57.7797705264,-135.0,67.0832032961,59.6694583097,21.9242744807,0.0,66.6906247652,72.649113565,72.1874518397,90.0,60.6583294182,23.7199179152,61.1945071546,-135.0,63.8575105539,52.4046014823,18.8985154796,0.0,61.8307446572,85.7012267546,41.2236027277,45.0,23.7908585335,
SC_2_Motion_4.avi.txt#SC_2_Motion_4#2.0#59.6786850109,64.023585154,135.0,29.4726704359,37.7738410357,53.9625840335,-135.0,32.7269331328,54.7919680145,34.7359573477,0.0,30.1968648945,61.8638529955,59.6086765299,90.0,33.6149157813,38.1422968762,52.7997039199,-135.0,34.545656555,58.546561238,37.964387283,0.0,35.8440861472,68.5462358859,59.0138732368,90.0,11.6145924387,
SC_3_motion_2.avi.txt#SC_3_motion_2#8.0#52.3499201142,57.2552347302,-45.0,49.0601458646,55.5699794784,44.2688622424,-180.0,52.2508335362,47.0558332721,55.8296438152,0.0,53.6233777243,53.4189850114,44.4453219159,-180.0,56.9295213829,
SC_3_motion_2.avi.txt#SC_3_motion_2#25.0#57.0572915664,54.358056033,-90.0,57.6762086386,46.2125180162,45.8704144332,90.0,55.6220492633,56.6474849831,53.1856524976,-90.0,55.4569418117,46.0990358367,32.1801388351,90.0,29.5669777416,
SC_3_motion_3.avi.txt#SC_3_motion_3#2.0#42.0644660466,34.2634988964,-45.0,33.3906744916,66.1563367768,47.1018856402,45.0,37.729328146,44.849698772,64.8014519238,-180.0,36.0625896921,41.4061848392,35.9956094735,-45.0,31.8399296688,66.9369254934,46.0953738069,45.0,35.9648545944,46.6126001291,66.1861518942,-180.0,38.1740909103,30.4841371819,51.0065954032,-135.0,2.98060794206,
SC_3_motion_3.avi.txt#SC_3_motion_3#2.0#37.9042842526,71.5504294488,0.0,48.2981055972,73.0329202442,53.9442842097,-90.0,53.3733145556,42.0668072993,28.6548849051,135.0,52.2044143804,36.1580911062,69.5960819071,0.0,48.0770639897,74.0929381144,55.6884447793,-90.0,51.0416773599,46.5769007646,25.549630005,135.0,48.7133578105,23.1850843996,45.3906242105,90.0,13.5399167604,
SC_3_motion_8.avi.txt#SC_3_motion_8#16.0#36.3354290225,49.7966715407,-45.0,9.7588367293,37.5144787764,60.7627624691,90.0,26.024364381,48.9515258784,78.0017433086,-45.0,24.1122383312,58.1117163967,57.5202930153,-135.0,24.2660526438,55.8370245265,48.9601032965,0.0,8.25322101465,54.3275705396,60.8836194627,90.0,26.5082408772,64.4269260352,78.0285069665,-45.0,24.5463244743,75.5785772347,58.114565644,-135.0,23.0325435665,75.4815384918,49.1783432867,0.0,7.35115282807,
SC_3_motion_8.avi.txt#SC_3_motion_8#39.0#59.1139029252,42.2277803868,-180.0,21.3907650249,50.54118634,26.297415629,-90.0,15.4083683471,64.7412308338,24.4038598275,0.0,20.1297082611,59.1728996973,42.5668881398,135.0,26.2746532432,41.6339156925,30.8960850377,-90.0,18.8601166222,55.3717207037,22.7291745746,0.0,16.4964138397,55.1147705466,40.3164952302,135.0,25.4428962628,34.7054831661,36.6716442323,-135.0,22.7512890899,42.3632618666,21.203976854,-45.0,17.1544763169,50.9883768933,36.3923206105,90.0,24.0366848237,30.4033912842,42.9631794229,-180.0,18.6312493448,27.8919944908,25.8000679351,-90.0,18.3742896784,41.6687634944,30.1016208844,45.0,25.100808041,25.489215215,43.5588079496,-180.0,26.466440322,
SC_HalfSine_Descending_RL.avi.txt#SC_HalfSine_Descending_RL#9.0#73.8216403629,74.751846678,90.0,26.2432814788,68.0128551014,71.8960116121,-135.0,30.8042439543,61.9685694818,64.5131166957,90.0,15.4852956112,57.16217776,52.4547919347,-135.0,43.6300570224,51.2031867442,46.2672692395,90.0,32.55958304,45.4130187824,43.9747373276,-135.0,42.5275971124,39.361106844,33.6800839077,90.0,30.8836949342,33.2685237772,35.4410059369,-135.0,31.7901763334,27.3684486933,26.7740881839,90.0,18.4223673413,21.547794798,27.0131807427,-135.0,19.7551783165,
SC_HalfSine_Descending_RL.avi.txt#SC_HalfSine_Descending_RL#32.0#67.9883548398,46.4998551847,-135.0,14.1229088461,60.5034659679,42.7638190335,135.0,10.8324581759,52.6405305465,-9.00854587934,-135.0,109.568556061,
SC_HalfSine_RL.avi.txt#SC_HalfSine_RL#22.0#68.3332761845,38.3289975605,-135.0,33.5638959619,63.1536993886,37.1300528551,90.0,34.8306200406,57.3763994565,40.966482701,-135.0,36.1464965746,51.3648026668,36.1851934596,90.0,35.4305736247,45.323124251,40.4532489892,-135.0,35.1496085782,39.290828687,36.7525103603,90.0,36.2632618279,33.3084843173,40.1093649235,-135.0,35.938529373,27.4111093517,36.9634226555,90.0,35.7869301308,21.4820105731,40.5944193469,-135.0,37.6739073136,
SC_HalfSine_RL.avi.txt#SC_HalfSine_RL#2.0#70.4508520408,65.2838176871,90.0,79.672855389,
SC_2_Motion_1.avi.txt#SC_2_Motion_1#2.0#68.0024394502,77.1366153379,135.0,61.7500587919,23.3563178966,55.2938102836,-135.0,66.531446268,62.2740749354,22.9243652625,0.0,66.5899788462,69.905933116,74.2283807515,135.0,62.0822731274,22.9225035914,55.9544490431,-135.0,66.9974875231,61.7799059914,22.5396324779,0.0,65.656484569,70.7606401829,73.5091423867,135.0,59.9240534859,23.6991741417,57.7797920256,-135.0,67.083322944,59.6693776932,21.9241861845,0.0,66.690568328,72.6491750045,72.1875774192,90.0,60.6583228471,23.719997661,61.1943794907,-135.0,63.8579654201,52.4044447437,18.8987596744,0.0,61.8317376735,85.7033948446,41.2210723759,45.0,23.786818594,
SC_2_Motion_1.avi.txt#SC_2_Motion_1#520.0#51.124898594,33.1701600379,45.0,34.9825865256,69.0495137115,50.7329166897,0.0,32.2825017476,50.2266220136,50.0428656444,-180.0,69.2378455916,52.2670067675,50.2096804452,0.0,70.1093300554,51.0543150813,49.9981252006,135.0,68.9675420125,34.7256388124,50.0089571054,-45.0,35.6384331202,51.9067389811,31.1091343005,-135.0,32.5864764323,
SC_2_Motion_2.avi.txt#SC_2_Motion_2#2.0#68.0025930273,77.1357977083,135.0,61.7417888945,23.3574335443,55.2925109524,-135.0,66.524715063,62.27607796,22.9174991644,0.0,66.5720476121,69.9068625824,74.2114057992,135.0,62.1067448557,22.9205996703,55.9572489858,-135.0,67.0036544612,61.7840824251,22.5379692239,0.0,65.6640218275,70.77121572,73.5057109855,135.0,59.9355581143,23.6974620937,57.7807286743,-135.0,67.0903211117,59.6687757666,21.9224537011,0.0,66.6979128498,72.6514082351,72.1893969544,90.0,60.6639224967,23.7178401402,61.1936745016,-135.0,63.8644532541,52.4059370968,18.8994124973,0.0,61.8330463001,85.7013821347,41.2190738738,45.0,23.7725358733,
SC_2_Motion_2.avi.txt#SC_2_Motion_2#2.0#50.9134501745,34.4124811481,45.0,34.4877271084,69.1202191658,50.9085419925,0.0,31.9155357524,50.1691149159,50.0353643193,-180.0,67.7771474049,62.5004128435,50.0945694653,-45.0,92.0448266614,
SC_2_Motion_8.avi.txt#SC_2_Motion_8#2.0#68.8003651605,77.0350286417,135.0,59.8309560471,23.5555748637,55.6385558429,-135.0,66.7158517659,63.3035658391,24.6309266933,0.0,70.3109936661,66.0505126173,76.7801209159,135.0,65.4198955833,21.4534544216,50.7529092817,-135.0,65.3204629749,65.8917955317,24.8250285134,0.0,67.6836172549,64.7106603372,76.9953561853,135.0,64.6139567124,21.2873907675,50.5502496909,-135.0,63.7332989985,63.8572431576,22.7794821757,0.0,64.4895221192,67.238852072,74.7480796917,135.0,67.3556448931,21.93336046,50.9238719994,-135.0,65.633257317,73.4893102529,39.1631198657,45.0,98.6540113659,
SC_2_Motion_8.avi.txt#SC_2_Motion_8#362.0#59.3900821454,36.6492342455,-180.0,31.0952870814,37.5064018266,47.2409883525,90.0,33.0258718183,54.4590557689,65.2611197182,-45.0,28.4379751165,63.415257433,42.7673817337,-135.0,32.2017587441,39.6496685317,42.1732103736,90.0,34.6557031774,52.4115219163,65.2130054035,-45.0,31.8188158759,64.068533455,41.6889795201,-135.0,30.8163040326,39.295539578,41.0728933938,90.0,32.8304786953,48.8320184496,65.8479186594,0.0,29.1754768554,64.2348211265,45.9111911878,-135.0,34.2687580067,40.6593344598,41.7440845613,90.0,35.3197774341,54.1090929475,64.2306732814,-45.0,36.9516830922,
SC_3_motion_10.avi.txt#SC_3_motion_10#21.0#50.0469763514,50.0329031532,135.0,52.8233745822,
SC_3_motion_10.avi.txt#SC_3_motion_10#181.0#25.555321226,41.1645198116,0.0,23.895532093,43.7812654824,33.2732049195,-90.0,22.749227776,31.1609715663,23.631810622,135.0,20.5529496743,34.4179399604,42.1807977767,0.0,26.536844748,51.1973277578,31.1205401736,-135.0,24.0577954543,37.941516472,25.1569757314,90.0,21.9753518097,45.1056224441,42.8189255066,0.0,26.4588749281,60.256890991,29.1556461805,-135.0,21.0066952823,44.5526595959,25.341347335,90.0,21.8401777423,53.6618316622,43.8645585172,0.0,25.327931422,67.2859376027,28.8409298007,-135.0,22.6163947632,52.8018080317,27.703647491,90.0,23.7658620842,64.4370197183,43.217791935,-45.0,24.8634425785,75.4052083059,27.640705576,-135.0,19.7562507552,60.0664048573,27.7310030124,90.0,23.3587453048,74.6703409657,43.3086830296,-45.0,28.4907624722,
SC_Circle_CW_ACW.avi.txt#SC_Circle_CW_ACW#2.0#65.1768420627,75.4046128805,135.0,55.9782379458,23.2825976059,54.8045128406,-135.0,59.1339567612,56.358883904,20.9727068883,0.0,55.3758441947,82.129254812,40.1288818807,45.0,8.51398972078,63.9464636353,25.3966917358,-180.0,55.6303688244,23.7504515792,51.5230178421,45.0,63.9679962409,79.532795324,46.0744560914,-90.0,119.139372507,
SC_Circle_CW_ACW.avi.txt#SC_Circle_CW_ACW#199.0#66.9068544121,73.9272192198,135.0,58.4088949358,24.3967818792,53.8162019551,-135.0,62.5556771326,77.3085620708,49.5669559542,45.0,109.676087197,
SC_2_motion_10.avi.txt#SC_2_motion_10#39.0#59.1129084409,42.2278519237,-180.0,21.3944924887,50.5434119819,26.2990503333,-90.0,15.4146258692,64.7403379524,24.4005402834,0.0,20.1292501058,59.17276783,42.5697217215,135.0,26.2732737399,41.6346420055,30.8949913545,-90.0,18.8646246636,55.3712994421,22.7274328738,0.0,16.4965430915,55.1150905664,40.3192579161,135.0,25.4412269349,34.7076589261,36.6699340402,-135.0,22.759387443,42.3638597112,21.2005023766,-45.0,17.1546243729,50.9858691295,36.3939172219,90.0,24.0400803403,30.404357729,42.965862768,-180.0,18.6287801512,27.8930359389,25.7961397642,-90.0,18.3740353591,41.66846628,30.1025274168,45.0,25.0949169797,25.4945439698,43.5478039695,-180.0,26.4676884467,
SC_2_motion_10.avi.txt#SC_2_motion_10#39.0#44.121947962,75.7900496519,-45.0,23.1833612001,50.925017283,58.7119496459,-135.0,14.6298381786,36.2901020387,60.381178387,90.0,20.3762252897,46.543097401,76.9054931798,0.0,28.4168507384,59.6073495509,61.5040297412,-135.0,18.4606676089,43.6062394739,60.2994362544,90.0,18.4171732086,50.9938390377,77.84286009,0.0,21.5945912289,68.3087471186,68.6964728127,-90.0,22.4528659287,57.0708213152,56.1917415374,135.0,18.8504038604,55.2508361539,74.8086306886,0.0,27.5225622913,76.2420960631,68.445892465,-90.0,22.9915651712,63.942719619,56.747203186,135.0,16.1313282986,63.5048822494,74.6484734001,45.0,23.3351495135,82.0941091928,76.0076932023,-45.0,18.3942646926,
SD_MixedMotion_6.avi.txt#SD_MixedMotion_6#2.0#31.7969409252,81.1633266831,0.0,29.5774502599,50.2356538324,67.7526478739,-135.0,23.0475933052,36.0784490102,60.3062336545,135.0,21.69950603,46.0613860798,79.9074311978,0.0,34.5830430054,62.6657004857,63.813933741,-135.0,20.6577003994,47.3025556786,66.9182909314,90.0,27.6627684516,67.8591733133,79.9380073477,-45.0,29.5091726987,73.5821018685,59.7191175603,-180.0,17.7440640653,58.24997758,64.8961635783,90.0,19.6742340114,70.1036415789,78.5312321491,-45.0,25.2266315394,80.4461054456,57.2127903462,-135.0,29.0345591439,62.0223898323,50.0244872277,135.0,20.8718926178,69.8610746505,63.3113274304,-45.0,30.7872423292,78.0975750591,40.0627813635,-180.0,29.7917097959,59.7992536963,42.7235127879,45.0,22.2183188178,77.906399738,43.388516634,-90.0,34.2685466626,67.4804886975,21.9808332816,135.0,25.6707443615,60.1957789783,38.5397244153,0.0,22.1348075975,74.5767981012,31.0388601331,-135.0,28.9748177661,52.4564604841,21.0446773915,135.0,29.1719875342,50.6972540781,40.6936091329,0.0,20.5656537467,60.2049321428,26.3841794266,-135.0,29.7220929441,35.0767292589,26.116967243,90.0,27.9355350769,43.5069629275,42.0094405215,-45.0,20.6446782419,41.9003849611,21.347208742,-180.0,32.7494683577,23.0111139395,35.9025509657,45.0,31.6439712845,42.4627211907,37.9688863775,-135.0,22.8028922783,24.0550658142,36.2761334495,90.0,33.9626341555,33.4316438729,59.0245840407,-45.0,24.9130100024,41.0523167253,44.187971574,-180.0,22.8453039897,21.2499825823,54.9942804987,90.0,32.7689506815,37.1497572855,72.40871343,-45.0,20.4405256364,39.678499194,56.7608323304,-180.0,22.9172745001,21.1440788689,60.6659393899,90.0,19.9807345193,
SD_MixedMotion_6.avi.txt#SD_MixedMotion_6#2.0#20.8573333333,76.8742740741,45.0,15.6098710188,
SD_MixedMotion_8.avi.txt#SD_MixedMotion_8#2.0#34.3067492356,61.3416039065,0.0,21.2696205212,53.7200308436,47.1936567073,-90.0,35.1489773943,74.1131370441,46.1096484147,45.0,25.0020658796,53.8462532626,51.5865109914,-180.0,45.0950940935,28.6818907334,41.6497238614,90.0,14.0231446825,
SD_MixedMotion_8.avi.txt#SD_MixedMotion_8#2.0#26.4332,59.7062083333,45.0,24.1179525434,
SD_MixedMotion_3.avi.txt#SD_MixedMotion_3#2.0#63.991574098,72.4709464392,-90.0,31.2377325921,47.1591882535,46.5936994248,-180.0,38.2788917491,46.0023733237,20.6404913479,-45.0,27.621855675,63.1168715989,36.460919367,90.0,32.8704610965,41.0025300465,58.871254702,90.0,31.0827869701,42.839576768,80.7440709003,0.0,18.7612480995,
SD_MixedMotion_3.avi.txt#SD_MixedMotion_3#2.0#70.324671875,71.0280267361,-45.0,52.9096203338,
SD_MixedMotion_5.avi.txt#SD_MixedMotion_5#2.0#36.1825220016,58.1861409831,-90.0,41.7693270177,65.9009753687,62.1610394494,45.0,31.9459821603,79.5739531867,52.1772749202,-135.0,46.5232292462,58.3715675152,28.0816280055,135.0,22.5142547653,
SD_MixedMotion_5.avi.txt#SD_MixedMotion_5#2.0#36.8416448864,54.4436477273,-45.0,43.1607181517,
SD_MixedMotion_2.avi.txt#SD_MixedMotion_2#15.0#47.5984615385,48.3339304029,-180.0,81.1030292681,
SD_MixedMotion_2.avi.txt#SD_MixedMotion_2#2.0#66.2071440678,56.1063276836,-180.0,50.1705836812,
SD_MixedMotion_7.avi.txt#SD_MixedMotion_7#4.0#28.6500463818,53.2706524559,45.0,46.6609792637,37.4514146898,71.0623226466,-90.0,19.7178131393,35.2945530773,53.7363480903,-135.0,13.4069182346,37.3985246668,40.7782240098,-90.0,24.9555343702,33.1410785453,23.2279903447,-180.0,10.2298162646,
SD_MixedMotion_7.avi.txt#SD_MixedMotion_7#2.0#25.3265219298,47.0889210526,90.0,46.7699015445,
SD_MixedMotion_10.avi.txt#SD_MixedMotion_10#2.0#31.1801950224,58.1356111079,-135.0,50.2715769774,40.0935256606,26.0865793809,-45.0,17.7007240965,51.5370100093,50.0095448928,45.0,52.0820688647,71.0101830638,57.9696796402,-90.0,48.1613733757,61.6557885153,26.346760344,-180.0,21.8628431715,
SD_MixedMotion_10.avi.txt#SD_MixedMotion_10#18.0#19.5452265152,61.0383232323,-180.0,33.1096617245,
SD_MixedMotion_4.avi.txt#SD_MixedMotion_4#3.0#39.7432563422,50.1670006204,0.0,19.9153714849,42.5000615702,59.1406014827,90.0,24.7991538085,52.6312487348,73.9854484895,-45.0,23.8860072204,50.3308740976,48.6737886954,-135.0,46.0345565775,52.365389391,26.142197846,0.0,24.7634297852,59.8426450235,43.3347649048,90.0,21.373110553,63.4035540776,50.2226357943,-45.0,21.6009281756,
SD_MixedMotion_4.avi.txt#SD_MixedMotion_4#1.0#36.7372954545,46.8692373737,-180.0,24.1302951839,
SD_MixedMotion_1.avi.txt#SD_MixedMotion_1#2.0#39.3928855491,59.387183388,45.0,34.0151516145,54.7278237902,61.0089685653,-90.0,41.1329335378,
SD_MixedMotion_1.avi.txt#SD_MixedMotion_1#56.0#48.0293663793,77.0473505747,0.0,22.4390444443,
SD_MixedMotion_9.avi.txt#SD_MixedMotion_9#118.0#60.5042547629,69.9177080355,-180.0,23.0884152879,50.7754598065,49.2338443315,-135.0,33.8442158544,51.4425112377,49.3665594725,45.0,33.8525577932,51.2276989171,49.8189040646,-90.0,37.3225934281,
SD_MixedMotion_9.avi.txt#SD_MixedMotion_9#2.0#55.7904302326,69.9406007752,-45.0,48.4851185925,
SA_2_motion_11.avi.txt#SA_2_motion_11#2.0#50.3472151163,27.1401162791,-180.0,40.5451597562,
SA_2_motion_11.avi.txt#SA_2_motion_11#2.0#52.1832277778,72.9068888889,0.0,40.3401598121,
SA_2_motion_21.avi.txt#SA_2_motion_21#2.0#53.0614254386,40.4851345029,45.0,82.7708681555,
SA_2_motion_21.avi.txt#SA_2_motion_21#2.0#53.0514385965,79.2397406433,0.0,52.6009037391,
SA_3_motion_23.avi.txt#SA_3_motion_23#2.0#52.324875,47.2610848485,-45.0,52.3286424363,
SA_3_motion_23.avi.txt#SA_3_motion_23#5.0#40.6131875,48.4614266667,-135.0,52.0257486643,
SA_2_motion_13.avi.txt#SA_2_motion_13#2.0#52.140797619,27.1771388889,-45.0,40.7743254797,
SA_2_motion_13.avi.txt#SA_2_motion_13#2.0#52.1832277778,72.9068888889,0.0,40.3401598121,
SA_3_motion_24.avi.txt#SA_3_motion_24#2.0#53.016754386,24.7093918129,-90.0,76.9495324423,
SA_3_motion_24.avi.txt#SA_3_motion_24#2.0#53.0253464912,70.9890417544,45.0,83.5561556717,
SA_3_motion_25.avi.txt#SA_3_motion_25#7.0#61.940875,47.14974,135.0,21.0396658756,
SA_3_motion_25.avi.txt#SA_3_motion_25#11.0#45.2591515957,61.5653748227,-180.0,60.2752457228,
SA_3_motion_27.avi.txt#SA_3_motion_27#3.0#38.1300685484,47.2033870968,-45.0,28.9084680419,
SA_3_motion_27.avi.txt#SA_3_motion_27#2.0#49.8172204545,35.0286121212,-45.0,45.7597133889,
SA_3_motion_29.avi.txt#SA_3_motion_29#2.0#51.8008660714,78.3391339286,-45.0,49.4141053679,
SA_3_motion_29.avi.txt#SA_3_motion_29#10.0#78.7880333333,53.712062963,90.0,49.712026742,
SA_2_motion_14.avi.txt#SA_2_motion_14#2.0#59.9515881148,73.0121885246,0.0,58.0978024585,
SA_2_motion_14.avi.txt#SA_2_motion_14#81.0#50.8265959302,27.1089844961,0.0,43.5701499475,
SA_2_motion_25.avi.txt#SA_2_motion_25#2.0#50.5658685345,38.9559252874,0.0,68.1224190879,
SA_2_motion_25.avi.txt#SA_2_motion_25#2.0#73.06013,47.8270333333,-135.0,51.5271907077,
SA_2_motion_22.avi.txt#SA_2_motion_22#2.0#52.9620266667,40.9400604444,45.0,82.8774898407,
SA_2_motion_22.avi.txt#SA_2_motion_22#2.0#49.0736955882,75.7647910294,45.0,162.845737201,
SA_2_motion_15.avi.txt#SA_2_motion_15#43.0#70.7510861483,39.3063217902,-135.0,7.43851193634,70.614495301,53.9843402984,90.0,43.611602453,70.5075538175,55.6196107232,-135.0,48.2313268169,70.488088911,53.0937469725,45.0,49.472403,70.5099576594,55.5998567146,-90.0,48.8685051422,70.5198722703,64.3235967765,90.0,58.935576835,
SA_2_motion_15.avi.txt#SA_2_motion_15#43.0#31.9022270302,56.4282947518,90.0,33.2132514427,31.8434581294,56.5218129841,-135.0,31.0734720232,31.8052738589,56.1085805244,90.0,28.6911033041,31.7857976816,60.760650472,-135.0,20.0186997041,31.7770982464,56.1505585651,90.0,12.8383229163,31.7741659138,12.1921614601,-90.0,98.8654898157,
SA_2_motion_28.avi.txt#SA_2_motion_28#3.0#56.5142710843,63.6312594378,0.0,89.2094280656,
SA_2_motion_28.avi.txt#SA_2_motion_28#121.0#51.1628958333,78.6869666667,0.0,52.5403627092,
SA_2_motion_30.avi.txt#SA_2_motion_30#1.0#48.8763229167,56.6000833333,90.0,11.8775289159,
SA_2_motion_30.avi.txt#SA_2_motion_30#2.0#48.0544861111,34.2016925926,-45.0,57.3762229669,
SA_2_motion_27.avi.txt#SA_2_motion_27#10.0#63.4883510101,68.8519618855,45.0,153.943817492,
SA_2_motion_27.avi.txt#SA_2_motion_27#110.0#25.7898303571,27.985797619,0.0,9.32987432461,
SA_3_motion_26.avi.txt#SA_3_motion_26#7.0#40.863405,47.19316,-45.0,20.7825308139,
SA_3_motion_26.avi.txt#SA_3_motion_26#10.0#45.2599840426,61.5665485816,-180.0,60.2554690035,
SA_3_motion_21.avi.txt#SA_3_motion_21#2.0#48.3338406863,50.1236013072,-135.0,55.1087737823,
SA_3_motion_21.avi.txt#SA_3_motion_21#5.0#40.6233188776,48.5483843537,-135.0,51.8274758484,
SA_2_motion_24.avi.txt#SA_2_motion_24#3.0#50.1401785714,59.790002381,0.0,72.0141016437,
SA_2_motion_24.avi.txt#SA_2_motion_24#14.0#55.3262986111,76.9035802469,-45.0,48.7415258842,
SA_2_motion_12.avi.txt#SA_2_motion_12#2.0#59.9515881148,73.0121885246,0.0,58.0978024585,
SA_2_motion_12.avi.txt#SA_2_motion_12#81.0#51.7982777778,27.1222555556,-180.0,43.2333824679,
SA_2_motion_26.avi.txt#SA_2_motion_26#2.0#64.4318064024,78.9115257114,45.0,204.563941675,
SA_2_motion_26.avi.txt#SA_2_motion_26#55.0#53.3326636364,78.660569697,0.0,53.0300967633,
SA_2_motion_23.avi.txt#SA_2_motion_23#11.0#50.0127464789,40.5088065728,-90.0,88.2881223033,
SA_2_motion_23.avi.txt#SA_2_motion_23#2.0#51.5151480263,80.8975782303,45.0,157.429527524,
SA_2_motion_29.avi.txt#SA_2_motion_29#2.0#37.7934775273,41.0709400502,0.0,44.4394303956,74.2495270569,14.4599621043,-90.0,68.5071014877,
SA_2_motion_29.avi.txt#SA_2_motion_29#61.0#73.2813194444,47.3453271605,-90.0,53.5700305067,
SA_3_motion_30.avi.txt#SA_3_motion_30#2.0#55.8534267857,37.3831595238,45.0,77.7647756535,
SA_3_motion_30.avi.txt#SA_3_motion_30#2.0#52.7348771552,78.3681206897,-45.0,51.3881058703,
SA_3_motion_22.avi.txt#SA_3_motion_22#5.0#40.6233188776,48.5483843537,-135.0,51.8274758484,
SA_3_motion_22.avi.txt#SA_3_motion_22#6.0#56.7775558511,48.0909751773,-90.0,50.8427621082,
SB_3_motion_16.avi.txt#SB_3_motion_16#2.0#30.8201281348,51.6534448315,45.0,53.1544227037,44.333678385,64.7869781172,-90.0,27.6267305261,58.1359082439,64.3167081603,45.0,30.5252658012,
SB_3_motion_16.avi.txt#SB_3_motion_16#2.0#25.4965723684,28.545245614,45.0,17.4506099265,
SB_2_motion_19.avi.txt#SB_2_motion_19#1.0#49.3233539863,51.1176898749,90.0,2.0799087472,46.5845376082,51.4661194084,-180.0,2.9103871963,
SB_2_motion_19.avi.txt#SB_2_motion_19#2.0#50.5814506579,51.5578377193,90.0,58.8834227584,
SB_3_motion_13.avi.txt#SB_3_motion_13#33.0#40.5151612553,47.6652012956,-90.0,52.1581232299,51.4486692256,50.0587965307,45.0,55.7132372459,67.1182147117,28.0775841923,-90.0,89.5696096287,
SB_3_motion_13.avi.txt#SB_3_motion_13#32.0#65.8701743978,78.9804911213,0.0,43.4981308746,
SB_3_motion_15.avi.txt#SB_3_motion_15#1.0#49.8678426573,52.7940291375,90.0,6.78360255403,
SB_3_motion_15.avi.txt#SB_3_motion_15#2.0#51.241115,51.6094166667,45.0,52.2177679848,
SB_3_motion_14.avi.txt#SB_3_motion_14#2.0#66.7357144793,37.474771681,45.0,36.0308103062,45.3405620164,73.3639421082,135.0,66.9896616257,
SB_3_motion_14.avi.txt#SB_3_motion_14#62.0#35.1973926219,62.9003813079,-135.0,36.6736950129,53.4668163493,28.8563522064,-45.0,61.1498587152,
SB_3_motion_20.avi.txt#SB_3_motion_20#2.0#37.4811709826,61.5622437534,-135.0,45.3729932632,32.9086483573,35.5936353333,-45.0,18.7163127918,35.1349818734,27.3602032907,-180.0,8.8239767374,
SB_3_motion_20.avi.txt#SB_3_motion_20#73.0#59.9292982543,28.4799553823,0.0,38.659441277,65.2021157584,59.1058084971,90.0,44.6849533045,55.677986511,79.6242679912,45.0,4.05281907508,
SB_3_motion_19.avi.txt#SB_3_motion_19#2.0#53.3844764447,51.8211484898,-45.0,60.1002957132,71.612834605,29.1289749984,-180.0,19.6100070643,71.603486319,41.3811168541,45.0,39.9905302423,79.4889793842,58.3829622466,-180.0,1.94744763251,
SB_3_motion_19.avi.txt#SB_3_motion_19#1.0#50.757375,53.7132962963,45.0,7.30010750071,
SB_PoolShot_3.avi.txt#SB_PoolShot_3#22.0#59.9891399577,52.9047928342,90.0,67.1121924545,33.6287219228,61.8346108432,-135.0,50.7023329248,33.3901086677,28.247072806,-45.0,32.7274241165,65.1569384876,47.9574948218,45.0,69.3098090248,
SB_PoolShot_3.avi.txt#SB_PoolShot_3#2.0#65.93212,5.39349333333,-135.0,108.325425412,
