8_mohak#SA_2_motion_29.mp4 #0.0#69.1300198332,47.9994195445,0.0,95.9494185814,115.613784024,26.5629039064,-135.0,52.338781217,
8_mohak#SA_3_motion_21.mp4 #0.0#69.2533333333,42.6194690265,-90.0,92.2437466009,
8_mohak#SB_3_motion_20.mp4 #0.0#73.997580835,57.2065661575,-180.0,78.7556426377,93.806291668,20.4323718042,-45.0,93.2442855492,125.276839074,53.0681435082,90.0,59.6704672148,
8_mohak#SC_2_motion_10.mp4 #0.0#67.2449599495,69.8365537705,45.0,11.1255842329,56.0916439196,74.302143293,-180.0,19.3052002195,55.6728509123,58.699213967,-45.0,19.9123330135,69.134893761,72.1029613575,90.0,31.8045654066,46.3797303353,82.1319255114,-180.0,32.2970085412,54.94010819,51.6064960519,-45.0,43.3364145453,88.8971020344,68.2647196064,45.0,35.8559586155,83.8364271133,74.5525185954,-135.0,34.0849763805,104.801702672,57.9328458923,0.0,28.4887466301,113.401608643,72.3476957657,90.0,2.23809774164,115.407821336,63.1712919901,-90.0,29.2737695482,136.951374678,52.849860517,0.0,18.1315323397,
8_mohak#SC_Circle_CW_ACW.mp4 #0.0#112.035028424,78.424827912,135.0,99.7772631753,74.0339494691,33.2247489699,-45.0,88.1542208079,140.093590725,30.0608813579,45.0,22.4685871563,119.25216318,12.8639570342,-180.0,92.1643742022,61.5098829607,55.1662137208,45.0,92.8305151671,135.011562457,82.6420548737,-45.0,64.8317759279,110.688016024,84.864093232,135.0,113.20951794,41.6498270282,52.6966067687,-135.0,33.4751293758,
8_mohak#SD_MixedMotion_2.mp4 #0.0#91.3807058824,52.9307652264,-180.0,144.976376197,
8_mohak#SD_MixedMotion_6.mp4 #0.0#40.8197180015,74.587507124,0.0,44.6828401893,66.8709362815,73.7002410797,-90.0,15.9784856274,75.6406834053,77.2351847542,0.0,43.8267217746,108.227352793,72.7806079713,-90.0,15.0705090123,117.522440554,74.8180453779,0.0,37.4930822076,148.504140949,62.2875646565,-90.0,34.0628679868,139.768349452,43.5501506633,-180.0,6.91521559945,137.689129913,55.9863606217,45.0,25.6409191332,159.985947659,51.8263356158,-90.0,41.1867262235,139.130749304,18.9058099541,-180.0,46.4594827836,120.072336982,27.0219879124,0.0,21.8379563526,122.215356355,10.3255381649,-180.0,61.1882902478,75.657888371,13.8813604286,90.0,21.5891870242,82.6511796593,27.4308554405,0.0,10.8372948635,77.750030745,10.7308709396,-180.0,44.6543464106,43.3705825474,22.3190542865,90.0,39.3708180292,61.17780348,43.9101032421,-45.0,15.6491953967,54.1138329088,28.5640014704,-180.0,41.0070612897,24.3744560972,41.9297889559,90.0,26.9769862608,27.2385727268,56.4744273542,0.0,3.37804027671,
8_mohak#SE_2_motion_17.mp4 #0.0#69.1864475642,49.6010055139,-90.0,72.8968489262,110.724442373,22.5701126409,0.0,68.8243516544,138.02224333,54.8049652453,90.0,45.8129747833,98.5832072048,68.4830136316,-180.0,63.5518790736,
6_vidula#SA_2_motion_11.mp4 #0.0#89.6668131868,61.952737528,-45.0,127.306853958,
6_vidula#SA_2_motion_27.mp4 #0.0#87.1573333333,53.0407079646,45.0,88.1876965384,
6_vidula#SA_3_motion_29.mp4 #0.0#83.8195744681,74.8371304839,-45.0,123.373082854,
6_vidula#SB_2_motion_19.mp4 #0.0#106.061818182,48.8254223652,90.0,89.5589722688,
6_vidula#SB_3_motion_14.mp4 #0.0#129.896382136,43.3427468264,0.0,78.9760474638,124.321653416,83.9526692508,135.0,77.2459276066,58.1373827905,65.3680188533,-180.0,80.7392246005,67.3517932961,29.5157178396,-45.0,74.2137913877,
6_vidula#SB_PoolShot_3.mp4 #0.0#156.08911815,39.2948709369,-135.0,94.6198749748,116.95624456,42.0451654165,90.0,93.8582847218,72.9715799889,47.2055550084,-135.0,101.11589472,61.2150576876,-7.00206050194,-45.0,39.994373813,123.451784965,36.8471458031,45.0,134.218032347,170.694146586,80.2947541475,-45.0,1.06219341278,
6_vidula#SC_3_motion_8.mp4 #0.0#30.7699776492,64.6001628714,45.0,41.4892415669,57.9582179375,63.16751987,-90.0,34.2484323421,49.6207452632,55.541643993,90.0,32.0186616735,73.5024496048,67.1409479636,-45.0,47.2880897446,86.1461526298,42.2440895604,-135.0,5.54580364215,79.3864309028,56.3477956451,90.0,34.6240660254,100.987725212,65.482691312,-90.0,43.3935534816,105.777207945,53.2835395349,90.0,27.101474638,122.352793161,74.5526178032,-45.0,29.2605653407,138.398832846,51.2769809675,-90.0,30.8727032729,130.936847257,53.9968944682,45.0,46.0042980667,156.813630264,67.9345262772,-90.0,46.1188499264,163.977122341,41.271239579,-135.0,3.37422979381,156.919693839,56.9059633846,90.0,36.3497269338,172.569984426,69.7617651818,-90.0,33.3219524575,179.678996615,49.9404809178,-135.0,3.08215755752,
6_vidula#SD_MixedMotion_10.mp4 #0.0#70.3069153454,57.8051989005,-135.0,71.0901516123,76.0349593364,6.11965776751,-45.0,36.6005169,94.3290870311,38.2955488471,45.0,82.5298382875,114.648783915,39.8614586279,-90.0,87.7676148249,100.597341203,-6.47309023459,-180.0,7.28521354892,
8_bipin#SA_2_motion_29.mp4 #0.0#31.8807888913,18.0158532736,45.0,57.1861731683,104.457335964,33.7227492672,-45.0,99.8432480449,
8_bipin#SA_3_motion_21.mp4 #0.0#91.0809302326,41.4241613501,-90.0,96.234685232,
8_bipin#SB_3_motion_20.mp4 #0.0#60.7673296433,60.7332100651,-135.0,68.2765823182,106.544009661,13.938885715,-45.0,101.169035288,122.511368939,49.0660401716,90.0,90.1771223222,
8_bipin#SC_2_motion_10.mp4 #0.0#40.1947478817,70.1154950454,0.0,52.5479366075,74.9664242312,63.3676616947,-90.0,28.70687838,72.1632363671,59.5342205242,45.0,42.0409968837,103.147157519,70.9068535504,-90.0,35.7338041638,98.2458172187,44.1164679987,-180.0,7.46943688122,90.6820860959,64.5021379232,45.0,42.1703169534,114.170466821,83.3645433606,-45.0,17.6064736212,117.249375033,61.3739007497,-135.0,30.3304214705,98.0943620721,61.0749648091,90.0,28.6417881186,110.667827951,82.1875803724,0.0,22.094867962,124.296137538,63.2718444051,-135.0,32.1477960527,110.51812196,61.7551759684,45.0,37.0608769605,130.396884133,83.1446194974,-45.0,16.0448191543,135.423074124,66.021932475,-135.0,21.1067650637,125.286350988,69.301983491,45.0,29.1771816674,139.957044042,84.613295374,-45.0,12.4654600301,144.752160952,76.6978598233,-135.0,4.17965447481,144.565608102,78.8609226088,45.0,9.59723687595,
8_bipin#SC_Circle_CW_ACW.mp4 #0.0#53.9114453128,75.8861821904,0.0,85.2419007772,114.569405246,59.7693473359,-90.0,64.2145068714,97.1963772684,21.7179094938,-180.0,24.9158563289,92.3097387157,58.3280282742,45.0,70.5964642525,125.739258252,79.0192403267,-45.0,4.43430606251,114.556152015,61.6888633482,-135.0,52.561394964,117.232840169,23.2805872316,-45.0,21.4620393789,131.555835187,57.1090288386,90.0,63.5937264449,91.2722358699,78.5910893685,-180.0,47.8053934475,83.7114865434,43.1278222562,-90.0,28.5268949839,102.373871904,37.4647406028,0.0,10.8953218478,94.3859473458,28.651625253,-180.0,40.0774186396,60.8155236656,54.5542037166,45.0,61.8145035629,96.4974436915,84.9123576062,-45.0,40.7442831333,111.380036317,52.2155069729,-135.0,41.5993191617,81.761657554,47.8233593518,90.0,39.7828846471,99.5010808172,83.5095037224,0.0,45.0306246069,113.772069818,71.4296084212,-135.0,52.3067443878,133.662989923,34.3112744482,0.0,35.9129672205,142.58692326,66.3610686816,90.0,34.9289006428,126.681203053,67.8637344212,-135.0,23.2837018028,137.639508617,53.2188717151,0.0,14.5602884525,
8_bipin#SD_MixedMotion_2.mp4 #0.0#101.57379753,44.2489025627,-180.0,165.07720263,36.5833317007,-3.09720701278,-90.0,1.29361500758,
8_bipin#SD_MixedMotion_6.mp4 #0.0#35.9372028931,81.0895309348,0.0,41.146083612,61.5935751924,66.8338578041,-135.0,39.5546630117,42.6650336108,58.439659802,90.0,45.1305302041,77.3739663065,88.2547022928,-45.0,40.8984395128,93.4180161935,58.1693612869,-135.0,37.6678265571,77.8061938521,54.9021591333,45.0,41.006144756,114.795856478,81.7805040802,-45.0,44.0327978354,132.521456154,46.7282920219,-135.0,47.5259169041,106.175751659,37.056350468,90.0,39.1021599079,125.632403558,71.9086873389,0.0,34.6772611706,139.044279732,36.799618613,-135.0,59.97701708,110.233382221,14.5823177379,135.0,10.2987507776,111.983612119,31.1695116796,45.0,25.1166844885,127.96776886,25.031712366,-135.0,29.7750359128,99.6236239894,7.81308806375,135.0,31.8239356928,84.2325913624,22.7511169385,45.0,12.4721033815,72.4490418105,15.9172839635,-180.0,37.499782271,48.4507233729,26.7610792349,90.0,30.8069704356,59.3899666006,35.537381063,-90.0,25.6005153534,54.3560658451,12.0980953386,-180.0,16.5609970768,32.7951425188,34.3287399371,90.0,60.2910418479,56.2076045359,76.4222813702,-45.0,37.1010942393,75.9780978,53.7493176188,-135.0,29.703660065,58.5066123322,40.9853651403,135.0,25.3205615244,67.7092035948,77.460948442,0.0,53.4013607979,102.119165312,69.8444046035,-90.0,41.13627991,85.0273141657,53.4729918005,90.0,25.8662877779,105.328194945,80.7649558564,0.0,41.2594830593,124.974356527,62.3941614031,-135.0,41.9688773428,116.200347751,50.0663925996,45.0,26.7057454205,142.916218255,35.5346945415,-135.0,33.104090484,133.853801784,26.3170917873,0.0,11.4696930681,139.773328942,25.3949188346,-135.0,7.32544708308,
8_bipin#SE_2_motion_17.mp4 #0.0#45.1667136088,36.0279250282,-90.0,77.8836938808,97.6287373409,8.34831048227,0.0,85.4778155769,
7_himanshu#SC_2_Motion_8.mp4 #0.0#115.385795824,80.8759050281,135.0,112.433369554,45.4438757964,43.3933367226,-90.0,100.556252209,117.661645806,-0.450999556234,0.0,92.8554511071,133.927144101,67.3523522046,135.0,114.197146849,51.4613451359,49.1969273696,-135.0,91.9632706354,110.727987635,0.12039239768,0.0,96.2445506587,128.202500394,72.3062698305,135.0,124.790297697,43.9948232139,43.7827109735,-90.0,108.344019946,119.195721583,2.8034613398,0.0,88.1925006151,128.166531204,74.1756084592,135.0,103.93811579,49.8877240213,48.9219991715,-135.0,101.623532504,127.249888146,9.17523431845,0.0,105.395121539,
7_himanshu#SC_3_motion_2.mp4 #0.0#99.334976911,54.1395733323,90.0,73.5802504738,85.2228529509,53.620751731,-90.0,75.3298007916,95.6571681713,49.4560548124,90.0,69.5931200129,85.4003937124,49.0234812384,-90.0,71.7008522815,97.5894182624,47.5479405935,45.0,73.9079184673,86.3967125219,54.795102699,-135.0,73.45938791,93.5239195498,15.1167246151,-45.0,2.6252966745,
7_himanshu#SC_3_motion_3.mp4 #1.0#87.522060135,44.8229568174,0.0,20.4661194606,100.386836588,38.4397535471,-135.0,19.1857362996,87.4482177006,32.6387337604,90.0,20.2118341374,92.4383354152,44.8067863159,-45.0,20.7540078143,99.4019601873,31.2067668457,-135.0,17.8034262514,85.0097891219,31.5614731136,90.0,16.2698130681,
7_himanshu#SC_3_motion_5.mp4 #0.0#63.6576924128,25.7894971671,0.0,21.8169481522,78.2925176512,18.3654066663,-90.0,21.8414230895,66.312256123,5.63943297782,135.0,18.9211768991,59.1943715081,21.0080120304,45.0,20.2492759928,75.5718342282,20.8895070981,-90.0,25.6171339734,68.0869529336,3.67678182951,-180.0,23.785109385,55.2258072489,14.0861914875,45.0,15.5607948175,
7_himanshu#SD_MixedMotion_3.mp4 #0.0#108.02201126,48.8891492757,-135.0,65.5454368535,107.176288817,9.95196372836,-45.0,22.7168310267,107.042340087,40.1118627004,90.0,60.9068119643,101.777423948,74.6994482756,0.0,14.3942847297,
7_himanshu#SD_MixedMotion_4.mp4 #0.0#94.8268748669,33.8316648783,0.0,33.0126426596,100.091196313,48.5762907511,90.0,31.8239312673,104.551880638,70.7083924992,0.0,24.8469796554,104.824714263,44.4620159857,-135.0,58.0609851847,104.887701094,13.1291229889,-45.0,16.1597088385,114.838202617,25.6488188268,45.0,18.8589584346,126.465987707,35.9037146707,0.0,21.3917575991,
7_himanshu#SD_MixedMotion_5.mp4 #0.0#108.752458011,54.0746301432,-45.0,70.0319560283,121.74649743,30.7492294138,-180.0,55.4900764094,
6_anike#SA_2_motion_11.mp4 #0.0#111.964,20.1592920354,135.0,97.1280089994,
6_anike#SA_2_motion_27.mp4 #0.0#104.498113208,31.1437635665,45.0,143.544782747,
6_anike#SA_3_motion_29.mp4 #0.0#152.597647059,33.1285788652,45.0,55.9623787013,
6_anike#SB_2_motion_19.mp4 #0.0#112.189473684,46.9306008384,90.0,79.4596235489,
6_anike#SB_3_motion_14.mp4 #0.0#136.219132388,31.3517830331,0.0,57.8370920157,123.627755068,61.9856373209,135.0,60.42965927,74.5889944274,51.3624212134,-135.0,57.6703271584,80.7470351483,16.4941082497,-45.0,50.8776868431,
6_anike#SB_PoolShot_3.mp4 #0.0#140.092103878,28.1914740653,-180.0,87.7366215069,92.0188748128,42.4957289816,90.0,80.6501165769,55.9716943591,54.8772292419,-135.0,67.4010063825,70.616304662,12.2892351812,-45.0,79.2416896997,124.087543629,35.5643049959,45.0,43.076615102,
6_anike#SC_3_motion_3.mp4 #1.0#128.389001316,73.8543930327,-45.0,67.4423544681,133.420315817,15.902158137,-180.0,87.0942447125,72.2469816821,34.4649798847,90.0,69.9936978251,
6_anike#SC_3_motion_8.mp4 #1.0#152.94152126,11.0909371984,-180.0,36.426851242,136.315565666,18.6209588791,45.0,22.3453038537,144.524792249,28.8220757595,-45.0,3.7884851646,135.869655009,12.161925172,-135.0,37.9990141601,113.867200797,11.3059779522,90.0,24.5177454328,118.369094453,24.4355202118,-45.0,4.65615653637,111.353220124,7.36074614357,-135.0,40.755345335,83.4352027871,4.56801598127,90.0,23.6648726881,86.1182272698,19.6170938111,0.0,8.79060910606,82.4156348388,4.07567735578,-135.0,45.5045003163,52.3470145719,2.63987978813,90.0,33.6122213338,60.4755347105,21.3444926704,0.0,4.09239545921,56.4302756317,11.48172318,-180.0,30.0423572925,31.0314106794,13.9911376472,90.0,19.0574797961,
6_anike#SD_MixedMotion_10.mp4 #0.0#62.7591181034,55.2210115856,-135.0,75.6124392506,67.6433634498,5.44254552456,-45.0,42.6247555504,93.1427090245,28.318361281,45.0,54.6199871267,125.685806137,42.9256871125,-45.0,50.6690826473,124.04686356,5.33420967109,-180.0,38.1316122244,103.708734918,1.58699815224,135.0,5.69513098748,
7_litton#SE_2_motion_16.mp4 #0.0#79.6254953964,33.0589596724,-90.0,49.5486526966,114.235557235,11.0397827589,-45.0,51.2295337868,
7_litton#SC_3_motion_2.mp4 #0.0#83.6785491627,23.2542700485,135.0,45.7897533222,82.106755439,51.8425496762,0.0,67.0905464031,123.395097386,37.489380145,-135.0,31.5839971488,108.345104666,21.9199023065,-180.0,11.505737776,
7_litton#SC_3_motion_5.mp4 #0.0#94.5087944065,66.757612743,-90.0,24.4089170379,109.974522486,65.7428992405,45.0,22.9320651488,104.595250587,82.1723713229,135.0,14.5622233549,
7_litton#SD_MixedMotion_3.mp4 #0.0#93.1893643672,42.0716183548,-135.0,77.7059812166,93.1202509386,1.53349293318,0.0,32.1281398201,87.8020654768,36.5904531635,90.0,72.5949508518,77.1866494986,75.4674383931,0.0,13.1508857611,
7_litton#SD_MixedMotion_4.mp4 #0.0#54.0355763071,23.9427206918,0.0,53.4819194057,74.9253272356,52.0361423629,45.0,40.6153549091,92.2068227644,72.5732032244,-45.0,22.2794403962,91.2622934057,34.7889364332,-135.0,62.3517124867,98.3440709336,1.84951558967,0.0,25.5493841959,104.561782079,19.434662319,90.0,27.3477842682,129.731505633,33.8527684548,0.0,70.4189766562,
7_litton#SD_MixedMotion_5.mp4 #0.0#58.7739901674,46.1629029836,-45.0,82.2769139314,112.658228056,43.4583314181,45.0,15.6426536548,131.949930825,64.9830984765,45.0,41.8680193852,113.815514372,34.9620723538,-180.0,101.049686091,
6_ameya#SA_2_motion_11.mp4 #0.0#86.315,74.7013274336,0.0,123.659095854,
6_ameya#SA_2_motion_27.mp4 #0.0#106.705244224,37.7526193433,45.0,126.925950964,
6_ameya#SA_3_motion_29.mp4 #0.0#93.4707692308,76.4874063989,0.0,143.100166474,
6_ameya#SB_2_motion_19.mp4 #0.0#91.4700962267,42.4697145325,90.0,133.305111387,
6_ameya#SB_3_motion_14.mp4 #0.0#127.621710865,19.5070680329,0.0,88.5743550382,120.602941083,69.891011281,135.0,95.0058205026,42.0634825234,65.7421750403,-180.0,80.3957347019,48.1230236794,16.2350743764,-45.0,88.0159435395,
6_ameya#SB_PoolShot_3.mp4 #0.0#122.066236753,42.3912498263,-135.0,93.3934687446,74.1116764237,45.0089291837,90.0,95.2048418824,32.192648835,45.5107223086,-135.0,88.608385529,97.9826546242,37.3915791901,0.0,160.044805897,
6_ameya#SC_3_motion_3.mp4 #0.0#96.1278543002,80.980955276,-45.0,111.080471214,108.73043749,6.99999128369,-180.0,110.903535929,36.9725343672,45.6180562992,45.0,71.3230105845,52.3490460051,78.5335895929,0.0,2.48978016043,
6_ameya#SC_3_motion_8.mp4 #0.0#30.2787791375,81.0462283125,0.0,36.5588130592,57.0257221069,70.1289476062,-90.0,24.7442703232,44.959813259,59.8233684892,135.0,25.0143681588,57.7277572424,84.5767387417,0.0,48.662067421,88.5185687557,67.8721454751,-90.0,19.7482520168,80.5070843989,57.6773041438,135.0,16.1929443818,79.6307062809,79.8505103656,45.0,37.1764298604,112.562605169,76.0346260036,-90.0,41.0698891408,106.473218109,58.2386451465,90.0,25.4627786538,120.084770362,85.736847069,0.0,41.2043647131,149.89193479,64.6622906093,-90.0,35.5063833038,142.285425384,60.8863533765,90.0,40.7061460066,161.430014657,80.4919244788,-90.0,35.6995292522,
6_ameya#SD_MixedMotion_10.mp4 #0.0#45.1082392621,69.8782926153,-135.0,74.9650069724,52.7504036939,14.3177370326,-45.0,69.5031243007,84.5712486891,46.2031910107,90.0,80.8346577077,113.528728409,73.1898610323,-45.0,76.0624009221,120.144746174,13.0404356588,-180.0,48.0588553573,
7_tejaswinee#SE_2_motion_16.mp4 #0.0#139.872796016,51.0337707265,45.0,53.2440163002,99.8584835854,75.9899603285,135.0,71.9815410518,
7_tejaswinee#SC_2_Motion_8.mp4 #1.0#101.812033007,60.0144544044,135.0,44.6843672989,65.2247221912,52.425774223,-135.0,44.2964893721,87.9109940751,26.1735018019,0.0,41.9202204634,101.750533792,57.441810337,90.0,40.0310380231,70.6948900395,53.3420254397,-135.0,48.5271850892,91.9673568914,26.4609391828,0.0,44.8575289732,100.100018152,61.3356930877,135.0,39.9521925996,67.3318951187,48.863096888,-135.0,46.8888261693,92.9564139697,24.5082768962,0.0,45.2956138084,104.378497723,60.2384432349,90.0,35.2085911305,72.698928937,58.1755301554,-135.0,43.0470024257,79.1970102668,25.6314174012,-45.0,35.1807455584,103.894011047,47.1337469701,90.0,47.3588723679,73.7252229681,60.6969744601,-180.0,48.4824760039,77.5767439691,24.1858637672,-45.0,40.5171373119,103.047796906,48.4071291899,90.0,49.7722518512,70.1610360314,53.5809757945,-135.0,49.0306954627,88.5760836095,22.705216747,0.0,40.5573147027,106.219904376,53.220245903,90.0,41.4521596152,72.6616414569,56.9641194709,-135.0,48.0382550459,80.0493236031,23.0358879197,-45.0,40.1850671009,101.539222359,27.6639836156,45.0,4.12685819095,
7_tejaswinee#SC_3_motion_2.mp4 #1.0#95.957415182,50.0803949396,45.0,80.5051049724,76.5343612184,49.5139593627,-135.0,82.5539329904,89.6717114055,37.6521365825,45.0,72.8990053778,77.8891594931,48.9367301682,-135.0,71.0914714945,93.4619064809,41.2579691069,45.0,73.151121783,80.5408209353,51.0326202796,-135.0,71.8288609146,91.6226776808,40.1105374763,45.0,66.7094239144,82.0025814313,45.8101103827,-135.0,71.3949932991,96.4230611163,14.1363156363,45.0,31.8101554672,
7_tejaswinee#SC_3_motion_3.mp4 #1.0#113.443844329,42.1996679487,-90.0,46.5457613709,80.0871123407,23.3780555814,135.0,59.4728156158,80.3883021883,68.2888336378,0.0,49.0106497194,113.734032249,44.1565036503,-90.0,49.1845066892,82.8381830824,24.2440036692,135.0,50.3094003171,78.2164105429,66.0401741221,0.0,41.0930855705,112.396835315,48.5384781491,-90.0,52.710517396,85.3331646315,19.6420324867,135.0,44.1374488428,73.0562264726,57.7603458041,45.0,41.6507024506,108.929575245,55.4779500714,-90.0,47.4614199551,92.3075854419,21.4476898756,135.0,48.2488088074,73.3455480437,59.1958343017,45.0,46.8238871148,111.028761667,57.9839553601,-90.0,55.2252506315,89.6340017805,21.066328449,135.0,49.242973953,74.45138484,57.8359746737,45.0,44.056296695,112.481892762,50.699469032,-90.0,54.2288442353,89.9311367302,19.1663677763,135.0,44.6735318378,82.1280952909,61.5688922334,45.0,47.546458564,118.045962193,54.3571921438,-90.0,52.0107636339,88.9439769059,21.4069074406,135.0,51.4375895982,72.3228937916,61.9819505917,45.0,39.0875054888,106.668282493,57.1015586295,-90.0,52.368648291,97.0269668753,18.2328921365,-180.0,36.5531235916,73.678557765,46.5920086176,45.0,52.4630486987,110.107119901,61.8623362346,-45.0,45.6747993704,102.151888782,19.7570955252,-180.0,43.0480041897,71.4707243272,42.5982329085,45.0,51.682743492,104.670294624,65.834438959,-45.0,39.2762826891,110.111801857,28.1726124167,-135.0,41.3026503773,73.6691581016,33.2364505734,90.0,51.3425820766,90.4458582286,70.7009819559,0.0,42.1979264522,112.305429447,36.9642440559,-135.0,54.4607844268,75.0218278167,32.0057609627,90.0,51.3468048884,91.9787206613,65.7011233457,0.0,40.3199901169,109.817661447,31.8501446595,-135.0,54.5887794552,68.4050950764,26.5293262157,90.0,50.495686438,89.7105346175,60.4515328101,-45.0,50.674482683,110.536276413,29.4226706094,-135.0,49.8892537616,67.8149254397,35.2176505087,90.0,50.5645777805,88.2236118866,69.4537195016,-45.0,38.4859249656,107.887323198,37.9541571492,-135.0,45.5466020237,80.5063187954,18.6073745712,135.0,23.2132591166,
7_tejaswinee#SC_3_motion_5.mp4 #1.0#125.513572587,12.2812353292,-90.0,15.6587206841,135.459317994,6.38440490289,0.0,11.7211431332,135.213747083,18.0332409146,135.0,10.456506402,128.792572773,13.6816348516,-90.0,14.6385102773,140.424360205,10.8890038533,45.0,18.4735249636,133.604392836,25.9848600585,135.0,11.2545305723,124.907223661,12.9958536857,-90.0,22.1952102481,138.68794442,7.60590242993,45.0,23.3637504692,140.320117407,25.0980914104,135.0,7.87766105699,130.353857844,19.9139877153,-135.0,17.0009770411,135.542283896,7.5073349731,-45.0,9.36759433051,140.301579586,15.1798480922,90.0,13.7241325416,131.088958814,18.3243117124,-135.0,10.4854955399,134.584690807,8.79306217574,-45.0,12.9026274785,142.813948798,17.0063499151,90.0,12.7888047138,130.665463747,20.0588814555,-180.0,18.6089042997,132.177578575,6.48693739293,-45.0,17.8480301316,141.35761271,18.4378163211,90.0,14.7591142774,130.507608288,18.1334850209,-135.0,16.2207174678,138.09130947,7.0070054754,0.0,10.4349405743,141.706699364,17.5521856867,90.0,14.0992057146,130.222009032,16.2215135153,-135.0,20.6130943992,137.921346237,5.70924458046,0.0,14.5496332936,138.307448482,19.0936266547,135.0,10.1170465872,129.802504813,14.907169847,-135.0,14.5817951467,
7_tejaswinee#SD_MixedMotion_3.mp4 #0.0#95.0118627758,75.5031457945,-45.0,26.3134080565,86.9995384695,36.4716445797,-135.0,55.9951920626,89.5149853395,4.82566477455,-45.0,25.9126380512,93.0940142279,41.1801247956,90.0,69.5938804195,96.4372684125,72.9706477218,-45.0,25.5708542493,104.167329767,56.9788124677,-135.0,6.56675589735,
7_tejaswinee#SD_MixedMotion_4.mp4 #0.0#53.8721023416,44.8478857047,0.0,35.8123192062,66.6332502999,60.8510738635,90.0,32.3217337732,80.9368778286,79.4483000407,-45.0,23.8623089239,78.8875182524,44.1226341333,-135.0,58.7136159553,85.9957712965,15.4545692349,0.0,23.3520273861,87.7156224227,36.7749690428,90.0,25.7207422272,98.7907486818,47.5629684985,0.0,41.4253648781,
7_tejaswinee#SD_MixedMotion_5.mp4 #0.0#64.3362193714,59.9237539595,-45.0,62.1570052811,103.554164522,59.9980288335,45.0,25.2353890989,107.981968961,74.6549833021,90.0,8.41091298567,116.147286224,64.4478255815,-90.0,37.5341083499,86.4488753249,31.9954460579,-180.0,56.5748819293,
8_mihir#SC_2_motion_10.mp4 #0.0#55.7136352617,80.5916016445,0.0,3.88090827986,54.6540454555,70.2682705437,-135.0,23.3252803575,44.371056784,71.5198504895,45.0,22.4398021353,57.4664616727,79.704572399,-45.0,7.12284664463,54.6776913818,68.0206289436,-135.0,17.0525946847,46.5164323053,68.6220529573,45.0,15.4894114946,57.2540189513,77.0047509111,-45.0,8.99813997352,58.3791468976,65.3911330569,-135.0,19.5835385766,47.5531301571,68.2641944794,45.0,23.4789661406,58.8797796044,73.3214513795,-135.0,16.9378012675,50.6227255674,60.6082160878,-180.0,7.2848705537,49.7362227609,70.0719379504,45.0,17.653364363,
8_mihir#SE_2_motion_17.mp4 #0.0#44.8247889208,47.3776962982,-135.0,53.31203957,79.3675906097,20.8413630024,-45.0,58.6183324496,
8_mihir#SA_2_motion_29.mp4 #0.0#87.2948148148,18.4791871518,0.0,153.258622406,
8_mihir#SB_3_motion_20.mp4 #0.0#19.0207848033,51.1500376443,-180.0,63.8994942929,73.5933007898,1.5481468207,-45.0,151.552417623,83.4991704166,62.2132493676,135.0,116.878468515,
8_mihir#SA_3_motion_21.mp4 #1.0#116.772173913,40.5925355906,-135.0,53.3780896557,
8_mihir#SC_Circle_CW_ACW.mp4 #0.0#92.9912400129,68.6055319614,135.0,83.2064957055,35.576326969,37.893702484,-90.0,53.3012798184,94.1923395645,18.3576888909,0.0,75.4358573592,93.1837015183,15.8383381437,-180.0,80.7894177579,38.0833311522,42.9240376517,45.0,80.5601006497,101.804483644,73.1947512466,-45.0,76.3578033879,99.238047379,67.6407167016,135.0,80.6654067671,42.1043540175,39.4017914862,-90.0,64.6255698233,103.376835138,15.8158306161,0.0,64.6142783867,84.314154778,20.0442779842,-180.0,90.5414268417,42.3631012611,68.0679618636,45.0,69.7424171612,113.134003687,72.1323549592,-45.0,65.9690300801,
8_mihir#SD_MixedMotion_2.mp4 #0.0#112.549920057,40.1838855805,-180.0,164.70726859,
7_jobin#SC_2_Motion_8.mp4 #0.0#127.635423833,66.6953307024,135.0,115.635089624,48.6208350418,48.9733134826,-135.0,85.8784923274,105.657124211,1.75492590923,0.0,98.3414944627,132.240514609,62.9749956185,90.0,103.086012633,53.9922707362,54.5224093368,-135.0,86.6422527873,97.1095537489,1.32250662736,0.0,89.3683240679,124.8308136,68.6624667537,90.0,103.401104074,53.7837879511,50.6395570603,-135.0,78.9220522128,113.329104849,3.35201565932,0.0,97.9420867226,154.456535301,25.2481535854,90.0,6.05748171918,
7_jobin#SC_3_motion_2.mp4 #1.0#85.1860179132,41.1937863446,0.0,61.5833263002,87.6354360782,23.0465333916,-180.0,70.9614775072,75.6145974282,39.3496156623,0.0,73.6287720198,96.4741550848,20.9668804848,-180.0,68.533830903,52.5620693898,21.8441937234,90.0,16.1647560355,
7_jobin#SC_3_motion_3.mp4 #0.0#68.7491056825,68.7081566192,45.0,66.7931262702,111.294501729,52.4960641751,-135.0,81.1648928235,67.0086420321,15.1605872041,135.0,57.8351512226,76.8048918386,72.2279406405,0.0,65.6939848183,116.578675677,48.1545871244,-90.0,76.4397260177,72.0357338257,12.7586679428,135.0,62.7413722963,
7_jobin#SC_3_motion_5.mp4 #0.0#40.5348153451,29.8127663582,45.0,27.6102899381,56.6825064701,22.9133822362,-135.0,29.9821211252,39.7175115631,12.5638336136,90.0,24.2822409003,46.3792635259,31.0358992654,0.0,25.2869137476,59.2524677687,16.740182717,-135.0,26.9501875714,40.9162507968,9.22380977588,135.0,23.5524605535,
7_jobin#SD_MixedMotion_3.mp4 #0.0#104.163626609,83.3005683406,0.0,22.1372281747,94.0000111151,42.1627630244,-135.0,83.2371472782,90.0776140208,7.04743570478,0.0,41.7638695015,96.3299429403,40.1432687579,90.0,59.1965006966,84.5977044493,71.3968792222,45.0,5.98284850552,
7_jobin#SD_MixedMotion_4.mp4 #0.0#47.9725174451,43.4052822765,0.0,40.0514442445,58.4702557688,61.6837562934,90.0,42.8431243855,76.1300659536,87.1927195126,-45.0,34.5392412817,72.7711542479,39.7252331251,-135.0,79.6610041043,76.8206197687,-0.0254413535067,-45.0,34.7269468351,89.7862177852,23.1970806973,90.0,38.9011113131,97.5122313562,40.5435972646,0.0,36.9686308297,
7_jobin#SD_MixedMotion_5.mp4 #0.0#51.8910140362,61.7217152475,-90.0,58.3539649128,94.9484619384,54.7840173862,45.0,57.4173045423,111.943849174,56.2035158338,-90.0,56.6588595158,99.1479278392,24.4667717979,-180.0,10.2447847254,
8_surya#SA_2_motion_29.mp4 #0.0#66.7442583834,35.9464578475,0.0,59.6950353329,108.043845965,28.4978539277,-90.0,28.7367179046,
8_surya#SA_3_motion_21.mp4 #0.0#74.1793103448,40.2380225816,-135.0,68.1952368337,
8_surya#SB_3_motion_20.mp4 #0.0#81.7770870053,52.1323447947,-180.0,83.520874184,105.939337638,16.6869777386,-45.0,104.167151795,139.950356417,49.4072086983,90.0,52.2111565255,
8_surya#SC_2_motion_10.mp4 #1.0#148.282674703,25.9566349539,135.0,49.2995618742,123.677585518,14.7017947598,-135.0,7.24513838108,132.200224494,12.9133428833,0.0,15.4055490741,115.016025999,24.5416060914,135.0,51.0681859058,86.5848871629,16.6628955637,-135.0,3.55984443498,73.7443459938,24.9876160649,135.0,51.5944400729,36.8604550416,21.1841246701,-135.0,4.8421964347,
8_surya#SC_Circle_CW_ACW.mp4 #0.0#85.8552859203,68.1242403824,-180.0,106.483722564,98.5857817151,22.1294002607,0.0,99.5802303945,138.601932462,48.469521909,135.0,34.41426119,123.020878941,53.5923556365,-45.0,1.03694545078,
8_surya#SD_MixedMotion_2.mp4 #0.0#86.68,40.2470501475,-180.0,170.850756684,
8_surya#SD_MixedMotion_6.mp4 #0.0#66.3590256207,79.4989535366,0.0,44.7629143925,88.9779820957,71.0567175704,-135.0,14.5381679136,89.5362207482,78.3067408299,0.0,46.26542464,128.753295499,77.5882322783,-90.0,30.2792466571,122.639339492,59.9837969907,-180.0,7.72862040898,120.355309763,69.5687175355,45.0,21.3566046422,142.938520291,57.3065119167,-90.0,45.9737084144,128.253654033,24.6574733839,-180.0,19.6158413313,126.617583713,31.9653362718,0.0,27.090126538,125.081251684,11.7698969514,-180.0,66.1788730944,85.9370195439,13.0951753143,45.0,22.6665040335,86.1195662723,9.39545833054,-180.0,47.5387024887,47.0739922984,14.839271251,90.0,37.9817185808,59.4751840368,35.6765397458,0.0,10.1074480045,57.1640082112,26.0028745616,-180.0,27.0790318232,36.8021140398,44.8088722168,45.0,40.664058063,
8_surya#SE_2_motion_17.mp4 #0.0#52.6170794659,42.1801481553,-90.0,50.2393513478,82.3010157722,20.7949888022,-45.0,47.7110084722,
6_kochi#SA_2_motion_27.mp4 #0.0#93.2994777931,34.6659120551,0.0,127.146186366,136.355835794,92.8504664486,90.0,5.33333028554,
6_kochi#SA_3_motion_29.mp4 #1.0#147.960816327,45.0279934983,90.0,67.6403171025,
6_kochi#SB_2_motion_19.mp4 #0.0#105.87755102,38.6057431822,90.0,91.3733546049,
6_kochi#SB_3_motion_14.mp4 #0.0#114.339582985,27.1959719687,0.0,56.2423952683,113.899723064,66.6528580338,135.0,60.4249228706,66.5317669066,64.0126991854,-180.0,45.7626678966,77.5505497299,26.3604963907,-45.0,60.8878183917,
6_kochi#SB_PoolShot_3.mp4 #0.0#139.890946888,41.7118716423,-135.0,80.609216998,98.91148662,46.3531053157,90.0,81.1258642633,58.3137771023,62.1215689634,-135.0,53.7638551043,71.4632312855,20.9958961347,-45.0,65.2484657915,129.417308971,43.2852260822,45.0,92.8258584331,
6_kochi#SC_3_motion_3.mp4 #0.0#77.1205806306,60.9461556963,0.0,60.8231666403,118.295839236,37.437687244,-90.0,54.1329939621,78.2165419043,11.6012285702,135.0,63.6128499321,72.8877169671,63.0746292415,0.0,78.0979195377,125.987028522,41.7268331412,-90.0,71.1910519256,81.7068315629,8.47554569201,135.0,73.7954716126,52.3650491485,38.3820362761,45.0,9.09608757514,
6_kochi#SC_3_motion_8.mp4 #1.0#37.4990765419,67.5921800177,45.0,20.0121850851,55.659349101,68.7568854405,-45.0,21.5988565344,59.5650785583,58.2296283937,-180.0,4.82199479082,59.624460583,69.3618587663,45.0,22.9438336291,79.9211628299,71.6608337986,-45.0,21.6471232456,84.3198408694,59.9240887258,-180.0,6.2850313173,84.4080001026,70.3604862039,45.0,26.3794117714,107.716413252,69.8453897229,-90.0,27.439939381,107.166474477,57.3743388535,135.0,12.2551836154,114.557204214,70.5641912725,0.0,26.4903134887,131.074705532,59.1045881498,-90.0,13.1711872029,129.405109353,64.1121930065,45.0,28.1900144999,151.93729309,70.2583119341,-90.0,30.4190576729,153.183296578,52.9156794572,-180.0,7.62603038987,149.940698799,59.3825525482,45.0,12.4846104772,
6_kochi#SD_MixedMotion_10.mp4 #0.0#60.2409753686,58.2211303564,-135.0,72.757258304,60.1698733651,8.29749405004,-45.0,41.462578632,90.4783119822,43.4360400064,45.0,80.7759725323,125.170406002,47.2578176932,-90.0,78.9015262458,110.031956064,-0.415803809025,-180.0,32.6661798361,
8_pruthwik#SA_2_motion_29.mp4 #0.0#91.9067214564,51.5747161635,0.0,97.6722872045,132.829790608,21.4677447828,-135.0,79.4631657008,84.1256112456,4.12269416427,135.0,10.3810573832,
8_pruthwik#SA_3_motion_21.mp4 #0.0#80.6496,41.0442477876,-90.0,76.8449127555,
8_pruthwik#SB_3_motion_20.mp4 #0.0#74.4349030145,50.5675548994,-135.0,72.9228514386,106.632512426,12.8319921755,0.0,108.405735778,134.68522925,47.3495899303,135.0,60.664221106,
8_pruthwik#SC_2_motion_10.mp4 #0.0#147.964960963,40.986186469,-180.0,36.6790575698,148.407778184,17.3676311002,-45.0,22.7654440606,151.359941732,22.6883532816,135.0,30.8565997414,128.948264645,17.0672384445,-135.0,16.1708616956,119.654118111,15.1454530823,135.0,22.4407960058,105.232062196,11.6512909493,-135.0,12.2400626426,86.8719796656,10.4299744439,135.0,33.4056700367,68.6689614989,6.05575884578,-90.0,9.95093952117,52.9234716104,7.47727238815,135.0,38.3376888675,29.7232174566,5.02921570774,-135.0,7.06152510864,
8_pruthwik#SC_Circle_CW_ACW.mp4 #0.0#85.6469425948,63.5149648218,-180.0,130.508485495,33.0035380782,20.7362251663,-135.0,5.79112711853,80.3918646946,43.259946179,0.0,119.524987202,157.87126064,34.0887770959,-90.0,27.0969034806,100.237682949,22.8446083881,-180.0,118.587568436,112.513215194,7.52968901901,0.0,111.682662325,
8_pruthwik#SD_MixedMotion_2.mp4 #0.0#83.7429059829,40.0529460706,-180.0,167.042853252,
8_prateek#SA_2_motion_29.mp4 #0.0#80.6826040847,32.7724693659,-45.0,104.911447372,132.260352024,5.27875362214,-90.0,12.9272749115,
8_prateek#SA_2_motion_30.mp4 #0.0#98.5859459459,20.1148050706,-45.0,125.563942585,
8_prateek#SA_3_motion_21.mp4 #1.0#108.438095238,43.6451748841,-90.0,80.8501167806,
8_prateek#SB_3_motion_20.mp4 #0.0#66.9599963793,51.7213271054,-135.0,59.3470127402,77.7599954846,12.1577415853,-45.0,61.3017906407,127.070904593,15.5556726501,0.0,61.5347446891,127.60095161,50.212319673,135.0,49.7696229843,
8_prateek#SC_2_motion_10.mp4 #1.0#144.129232651,22.8087338874,135.0,31.0563023245,121.175350192,20.7922392456,-135.0,13.7990314956,122.503768873,12.1425680413,-45.0,5.33603106493,123.512411238,22.1743139862,90.0,21.3104559523,108.194750967,24.3282513169,-135.0,19.3833280306,96.9328546624,26.7750624613,135.0,34.6916023665,71.6970961887,25.5778996741,-135.0,20.4245296235,75.9102200422,14.5825942421,0.0,7.48736335099,74.8140282049,26.0667969665,90.0,18.6934035233,58.6658067662,22.0944930922,-135.0,23.3326061851,52.4678743651,20.4979116147,90.0,27.0582828159,30.1881269845,22.2794660653,-135.0,22.6673857642,28.2011305922,10.5376663899,-45.0,3.39376200397,28.4612502569,20.8762716904,90.0,21.7523823449,
8_prateek#SC_Circle_CW_ACW.mp4 #0.0#100.616079841,72.4305304686,-180.0,116.926207617,79.4314011922,12.9712931869,-45.0,118.632086649,104.09661697,16.2196983857,135.0,79.1920589962,91.5877633732,63.781751799,0.0,76.0541680736,141.895016987,65.3370970336,-90.0,35.3166521538,
8_prateek#SD_MixedMotion_2.mp4 #0.0#94.2825617956,43.1062925966,-180.0,129.67022601,60.9569773478,-1.64925812153,-45.0,36.8020924917,85.8844026524,2.25924467845,45.0,17.5740705237,
8_prateek#SD_MixedMotion_6.mp4 #0.0#41.8920337043,59.7899071648,0.0,25.6963252694,58.6762200043,54.7499153176,-90.0,16.454096098,50.1423593113,45.9748792002,135.0,10.9226428221,56.391960511,70.1702122397,45.0,41.674109805,77.0809061615,75.8273597701,-90.0,19.2389777426,80.0915379661,78.2861302475,45.0,36.4286394304,111.513158982,80.9552557921,-90.0,25.1652572003,107.273716144,67.2754796955,135.0,19.2122307913,114.986920389,85.7711361156,0.0,51.3678700461,149.942276381,73.0724636224,-90.0,29.8202535633,142.821640238,56.964266762,135.0,10.4254758359,142.663569501,68.5320068503,0.0,22.416698319,162.022188313,54.84019573,-90.0,37.5655457108,144.630371143,32.8589048035,135.0,21.9222323097,145.403288479,40.1209056618,0.0,27.2793534634,150.549397239,15.6267378193,-180.0,53.319692927,116.406887461,11.8354753241,45.0,14.1722810785,129.025074851,15.4371085774,-90.0,19.349682198,110.407280473,-2.4989307829,-180.0,46.5560176354,89.3815807034,8.64736285478,0.0,14.7630776243,88.3407293192,0.372242340087,-180.0,39.6587717292,57.7740919713,3.38117982307,90.0,16.0886311047,70.3371683255,13.9107116373,-45.0,18.9458901598,67.1837022803,1.13449237887,-180.0,36.5073276857,46.7175558319,13.3201171294,45.0,31.3693870006,66.3525312341,22.0947702045,-45.0,8.11538476802,63.8805842117,15.2784169798,-180.0,12.3007079822,62.3626997314,28.3095558492,45.0,31.1076120216,81.3105378414,35.3223515743,-45.0,7.49351597487,73.4273775385,32.2956876382,135.0,22.2563935188,67.2918386637,51.6244118313,45.0,18.4738423781,77.8604824311,56.3342936873,-45.0,7.97423650628,75.9220062129,49.6274256614,-180.0,12.370814402,66.8936465301,58.6410250463,45.0,17.3193267667,
8_prateek#SE_2_motion_17.mp4 #0.0#56.2649919212,37.3911534435,-90.0,71.9720383802,111.558122927,11.1226035322,0.0,93.5257758009,154.323770413,38.4496220482,45.0,52.2891102703,107.436728925,66.3993745237,135.0,84.4419311934,
6_ridhhiman#SA_2_motion_11.mp4 #0.0#91.92,10.4572271386,-180.0,121.027770341,
6_ridhhiman#SA_2_motion_27.mp4 #0.0#91.8226326374,33.085330919,0.0,130.475598767,
6_ridhhiman#SA_3_motion_29.mp4 #0.0#92.882962963,83.4349393641,0.0,133.777273547,
6_ridhhiman#SB_2_motion_19.mp4 #0.0#92.9763805353,41.8355233196,90.0,138.907552409,
6_ridhhiman#SB_3_motion_14.mp4 #0.0#142.369126609,26.4489671939,0.0,100.489589963,95.2035542643,73.9107584196,135.0,159.762476388,48.4043628603,17.3423454782,-90.0,86.5331840035,
6_ridhhiman#SB_PoolShot_3.mp4 #0.0#117.673965181,47.195061126,-135.0,99.8048167616,66.4957475968,47.0031726328,90.0,90.6667935956,27.9572852701,50.7534555195,-135.0,82.3149452281,88.1593121483,30.2861891513,0.0,144.576619217,153.72013657,65.7957097316,45.0,33.1121746223,
6_ridhhiman#SC_3_motion_3.mp4 #0.0#83.607624138,86.4924241441,-45.0,104.72716933,115.69006001,19.8294367344,-180.0,100.726861774,43.8510177392,44.7903987483,45.0,84.9291682305,99.3747748955,69.7704764057,-90.0,78.473155212,90.0239054263,7.987576718,-180.0,56.7222502425,54.5537243875,35.965941381,45.0,65.5796260001,
6_ridhhiman#SC_3_motion_8.mp4 #0.0#128.12952799,24.8705829035,135.0,53.1287437518,99.9434134376,9.84652706075,-90.0,17.1508630601,113.067617971,4.96418362072,0.0,11.6557560222,96.7489412971,22.5427483239,135.0,47.2973586606,69.5422297723,10.0051087628,-90.0,12.8527179044,75.4294897945,4.20141405758,0.0,3.74299356837,66.4800461703,15.9825405848,135.0,35.5886474798,40.9873247765,14.2132679162,-135.0,13.0596288055,45.9055901763,5.49725431018,-45.0,7.44069003515,40.3477064424,15.6244469665,135.0,32.2463886922,17.9833039104,9.04177521441,-135.0,12.4134545351,20.4958417306,2.77467144531,0.0,2.35068613152,15.6911106099,8.91428686391,135.0,17.606979603,
6_ridhhiman#SD_MixedMotion_10.mp4 #0.0#49.9413644417,66.7512126495,-180.0,81.9127632495,56.0534486146,14.2968651759,-45.0,70.0689977848,87.3334742027,46.7900049301,90.0,66.5086544666,110.703394039,78.6617626174,-45.0,56.1776307987,126.416889378,32.5902630385,-135.0,50.4951512998,
7_akshita#SE_2_motion_16.mp4 #0.0#54.0920412733,31.9270203441,-90.0,51.5350768964,83.5211484978,10.0930582848,0.0,46.2824125343,
7_akshita#SC_2_Motion_8.mp4 #0.0#116.802430527,73.5631410509,135.0,72.5306692375,60.1302929013,48.8619682147,-135.0,79.9691607244,99.041599973,6.01544097398,0.0,89.5528414209,121.693401157,66.5129438469,135.0,74.7192405752,63.3337496709,47.844446099,-135.0,80.6023210561,102.255744745,9.46219156229,0.0,92.2547266729,119.212141606,72.5644411895,135.0,74.6092803253,63.201498861,44.3413856632,-135.0,85.4332718613,106.895995349,11.6007994485,0.0,95.8566588517,120.192381924,80.1091153057,135.0,74.2875747632,60.2056207456,38.4080228873,-135.0,94.2929274306,114.13185554,9.65614352629,0.0,89.1187981221,142.220450329,48.3319468844,90.0,4.15869455409,
7_akshita#SC_3_motion_2.mp4 #0.0#96.3162102741,35.5844543124,-90.0,80.828238842,77.5614677541,32.13159867,90.0,86.8625651241,91.943038028,43.4873368673,-90.0,80.8230509041,74.374610124,32.6923750082,90.0,78.4941320081,81.4189637412,77.3245314526,0.0,13.8313711312,91.98242716,65.8197604844,-90.0,22.2068399192,
7_akshita#SC_3_motion_3.mp4 #0.0#105.970359629,27.3491504787,-180.0,81.299213534,51.3009136632,42.9289539407,45.0,67.0467881548,101.163281807,77.7458770155,-45.0,63.0306270676,103.877493104,26.321543298,-180.0,85.0480022474,49.614722278,39.4476452933,45.0,65.1957502132,103.849492162,75.3431278664,-45.0,66.3416253727,109.785524668,27.6868792005,-180.0,80.8842253014,49.2559027668,40.9283796879,90.0,50.7768652327,93.0978293681,75.2744635699,-45.0,68.3668455121,
7_akshita#SC_3_motion_5.mp4 #0.0#45.1294460845,22.7197304623,-90.0,20.4578919924,36.4708530082,11.549393804,135.0,28.2959667828,29.3471609915,23.45578183,-45.0,20.8250061162,38.6991264859,12.3682762525,-180.0,15.7887135361,23.5446239119,16.0760608977,90.0,11.6792455228,32.8409562423,25.4174626577,0.0,23.3820463336,44.2794605162,14.8204238013,-135.0,15.0135982127,27.8048255563,15.4672993079,135.0,18.1554543062,31.1235318711,26.8629035204,0.0,19.6588606963,42.9976565866,15.1364497912,-135.0,14.3844893565,28.9894026586,11.7655770574,135.0,20.2491893362,30.8128315548,26.4190906662,0.0,19.710435336,42.9924940746,16.0076912406,-135.0,13.4666560723,30.8382953029,11.2617956183,135.0,15.4837112869,
7_akshita#SD_MixedMotion_3.mp4 #0.0#92.8400844015,57.6226056052,-90.0,73.7500943611,90.8062344492,19.0752588212,135.0,34.9718993683,90.4021937845,59.7918136518,45.0,63.3172380678,98.9525183707,87.5115821538,135.0,13.9180804852,
7_akshita#SD_MixedMotion_4.mp4 #0.0#60.230357114,34.8679594873,0.0,44.7814107941,72.2621343428,44.9115294804,90.0,27.0630624189,86.4664445974,64.0659440349,-45.0,36.5191689654,87.7576644146,34.3639988609,-135.0,59.0288419768,86.0411000571,7.36930369245,0.0,33.5199803964,94.5688287116,23.9483503334,135.0,28.8080485677,104.722529252,32.6203464941,0.0,46.8952137463,
7_akshita#SD_MixedMotion_5.mp4 #0.0#48.0177546216,61.0612073733,-90.0,62.2739155343,95.5571513006,58.293578783,45.0,49.1876877712,124.957239988,54.4487419097,-90.0,63.3193488875,102.953130661,9.78126328548,-180.0,59.6146497889,73.795495565,17.9274037523,90.0,2.25167411902,
6_Shatarupa#SA_2_motion_11.mp4 #0.0#94.8342857143,73.9064475348,-45.0,118.080513621,
6_Shatarupa#SA_2_motion_27.mp4 #0.0#89.6076190476,33.8221660346,0.0,123.302807284,
6_Shatarupa#SA_3_motion_29.mp4 #0.0#92.7938461538,75.3505786249,0.0,124.530827612,
6_Shatarupa#SB_2_motion_19.mp4 #0.0#89.0322580645,48.5412503568,90.0,115.997781437,
6_Shatarupa#SB_3_motion_14.mp4 #0.0#138.819913393,19.1887062948,0.0,88.1297793648,131.681485976,72.0401294605,135.0,87.0371713738,47.6724894046,68.8531882675,-180.0,100.423874632,51.0508537273,19.0412380784,-45.0,104.73600986,
6_Shatarupa#SB_PoolShot_3.mp4 #0.0#132.171329812,50.5738524042,-135.0,100.400307,83.5877134906,53.1575322434,90.0,99.9732888627,31.2573636952,67.049143922,-180.0,79.1043377079,44.7311187586,19.9850504862,-45.0,89.371062537,134.949491545,47.6814775706,0.0,130.33798446,
6_Shatarupa#SC_3_motion_3.mp4 #0.0#86.1457633643,55.3510352463,0.0,25.921563939,96.7510265248,34.1109636292,-135.0,41.356502414,66.3841995028,26.6242992884,90.0,42.473715519,66.2538405831,60.7577838937,45.0,23.0591711962,
6_Shatarupa#SC_3_motion_8.mp4 #0.0#22.6224987273,81.7091667429,45.0,25.9233778836,45.8859711969,76.7729093745,-90.0,26.7913737082,42.1796655882,69.6079070659,90.0,23.7825240538,60.4963678896,83.2945254879,-45.0,29.171931885,69.4256084133,67.581137151,-135.0,6.55634417939,63.3366595946,74.8803383475,45.0,23.8984546409,84.5116213885,81.4153705587,-90.0,31.1395386596,82.5360958649,66.9548754667,90.0,16.550062968,91.5604134853,82.5189369212,-45.0,27.4870824063,107.134204948,67.3184591875,-135.0,13.4966556998,101.959889681,70.304766123,45.0,25.767031715,120.72714839,79.5048294207,-90.0,22.9045134004,123.780524271,65.6332525266,-135.0,2.31319355628,120.230315039,73.7049500413,90.0,20.7388399207,137.299658903,85.4401193082,-45.0,27.3946171004,148.901351542,72.1116322077,-135.0,7.71967743151,144.929052145,78.8700191956,45.0,26.5479172942,158.032483973,93.1695133066,-45.0,8.80954985585,
6_Shatarupa#SD_MixedMotion_10.mp4 #0.0#47.76507175,65.9654659026,-180.0,85.9513015513,52.9670049761,6.72256554184,-45.0,68.438806256,83.9975222831,43.7939402784,45.0,82.7591005662,115.13541463,75.2612852627,-45.0,65.9301979099,112.872533455,11.8310389069,-180.0,66.5700250825,
8_panem#SA_2_motion_29.mp4 #0.0#61.5346497292,39.230987314,0.0,102.882690188,144.418187398,26.2219085477,-90.0,73.6106612705,
8_panem#SA_3_motion_21.mp4 #0.0#96.3093333333,39.9370698132,-90.0,86.8042331336,
8_panem#SB_3_motion_20.mp4 #0.0#67.480764691,47.7168804442,-180.0,82.8616980086,52.4465496601,8.13835975235,-90.0,39.5700874675,115.964591575,13.360278943,0.0,90.7057450086,146.049943494,34.4043962819,135.0,22.5450439711,118.561533695,58.3146157533,135.0,23.1605886122,
8_panem#SC_2_motion_10.mp4 #0.0#143.798726068,36.1077214182,135.0,49.2132518092,115.026157532,20.774226007,-90.0,27.2986296589,128.053631828,16.9622424854,45.0,29.8103434747,109.638859646,40.5455282486,135.0,39.4599738037,85.2286637226,21.272191717,-135.0,24.854017644,93.9609400546,17.99256234,45.0,27.8282424569,73.1031750974,35.94423119,-180.0,47.8053384841,51.5545355846,15.6012645996,-90.0,12.6114889048,60.2264482187,20.3273850687,45.0,30.2321481731,42.9478748492,37.5058609553,-180.0,33.7296442998,29.7349703868,20.6652561721,-90.0,8.97473754648,
8_panem#SC_Circle_CW_ACW.mp4 #0.0#93.9033428807,74.6172696896,-180.0,130.022748784,86.4267377113,10.5871872083,-45.0,131.390817604,163.932910576,25.101737067,45.0,24.4659305531,
8_panem#SD_MixedMotion_2.mp4 #0.0#97.9252459016,42.9508196721,-180.0,149.236590381,
8_panem#SE_2_motion_17.mp4 #0.0#120.084385896,28.1464760181,90.0,68.8252373308,85.6750368894,59.5741087123,-180.0,66.6702185578,49.8048706386,64.6514681842,90.0,2.3086473424,
8_romil#SA_2_motion_29.mp4 #1.0#139.52,43.8589056463,-135.0,90.9593679527,
8_romil#SA_2_motion_30.mp4 #1.0#62.1940229885,19.3530668294,-45.0,115.65910295,
8_romil#SA_3_motion_21.mp4 #1.0#97.3835294118,30.5674128058,-90.0,96.3469747862,
8_romil#SB_3_motion_20.mp4 #0.0#40.3784100781,64.1932176038,-180.0,70.3655084509,65.62152627,20.0764165672,-45.0,117.47046417,115.914981496,52.385452129,90.0,48.9236449819,
8_romil#SC_2_motion_10.mp4 #0.0#33.8784590133,71.093635345,-45.0,42.994989863,50.6419591652,55.9116320048,-180.0,11.1250037418,48.3668199583,67.6586941077,45.0,33.5204401466,76.6445329631,72.0955706155,-90.0,23.0759171616,79.1020206953,58.3014869731,-135.0,4.76712694194,86.7724444152,69.9245047634,0.0,41.0848837386,116.597403002,69.4972402494,-90.0,18.8558094214,109.477633958,56.7685705472,-180.0,8.61139119326,116.2695368,70.0162336665,0.0,43.268744813,144.240480139,65.2070440701,-135.0,21.1818723908,151.361424717,68.2538464021,0.0,42.0079512211,174.341227811,81.3560003403,-45.0,1.96121094535,
8_romil#SC_Circle_CW_ACW.mp4 #0.0#117.795525641,75.2679441601,135.0,101.745394781,60.1869038341,28.4202335976,-90.0,74.662012151,125.215259018,10.8282655379,0.0,81.6834409556,114.949219906,7.07332485525,-180.0,98.8165727907,71.570708712,50.565687718,45.0,118.102620833,150.834170598,70.1682224836,-90.0,48.9180447231,115.998722873,70.8472264258,135.0,108.282351425,55.4839266337,24.2764245391,-90.0,65.913601833,114.207102739,6.71920894605,0.0,84.9438600952,105.195726591,4.42807562488,-180.0,110.302206263,67.4351359744,52.2437425448,0.0,128.981759643,151.507250639,70.1316850571,-90.0,31.0685289978,
8_romil#SD_MixedMotion_2.mp4 #0.0#96.6156521739,38.6764140054,-180.0,163.832393708,
8_romil#SD_MixedMotion_6.mp4 #0.0#51.4110578844,68.5673950779,0.0,34.1079357151,71.2385937936,58.3627783047,-90.0,10.5262991555,63.7676308038,61.3382056153,90.0,28.202198607,85.487032154,70.5195842161,-45.0,46.9130940496,95.5283191403,55.4450411099,90.0,24.4553277877,112.72506247,67.3928493184,-45.0,30.445317757,117.171506034,40.5319832915,-135.0,20.2482024106,114.897871197,34.376748212,-45.0,15.5932097594,107.76685076,11.5885764885,-180.0,35.1744769583,85.2263163209,13.5429238317,90.0,10.4289242987,88.2462156602,20.2792437258,0.0,7.53579067347,81.7062702294,7.18427185144,-180.0,34.7588834613,56.2844486346,9.40051700737,90.0,16.095605117,58.9887538532,20.0597331434,0.0,8.36002503173,52.8935729226,12.4678999484,-180.0,32.5977292145,30.8348293557,26.4875112963,45.0,24.8178747975,41.3108545824,35.1368758299,-90.0,10.4214159027,34.7754088026,33.8100105472,90.0,24.6214115207,
8_romil#SE_2_motion_17.mp4 #1.0#140.006360806,47.4907275172,45.0,72.1856905339,103.226487301,80.6525789246,135.0,78.4826219211,
6_pramod#SA_2_motion_11.mp4 #0.0#95.9285106383,63.257390322,-45.0,104.720605138,
6_pramod#SA_2_motion_27.mp4 #0.0#102.9525,37.6382743363,45.0,131.898497411,
6_pramod#SA_3_motion_29.mp4 #0.0#89.952,72.7079646018,0.0,132.884015589,
6_pramod#SB_2_motion_19.mp4 #0.0#102.742857143,42.4525916561,90.0,111.295930511,
6_pramod#SB_3_motion_14.mp4 #0.0#118.861256652,25.202401339,0.0,67.1416502185,93.652011442,64.7581615668,-180.0,110.644506764,58.4568042887,24.4234162464,-45.0,54.2919977955,
6_pramod#SB_PoolShot_3.mp4 #0.0#143.37196821,38.8665421255,-135.0,101.083216755,113.254151494,46.6609998681,90.0,100.911635225,71.2686265736,62.3464204396,-135.0,86.3768247645,60.1476621283,12.7011103407,-90.0,52.6803668563,119.851278576,38.3413256815,45.0,114.705173394,
6_pramod#SC_3_motion_3.mp4 #1.0#93.3311458608,16.699064767,-45.0,98.2392186875,128.879445881,62.6219798225,135.0,96.9977172804,60.2114090401,53.1140867649,-135.0,50.7955680977,
6_pramod#SC_3_motion_8.mp4 #0.0#40.4603599927,76.1191190064,0.0,44.9679958387,61.3586857751,52.0524977873,-135.0,36.2430836114,39.1305431908,51.1182074002,90.0,40.8444576145,70.8347686689,79.6543237826,-45.0,57.8241770677,97.0515923635,51.3706481328,-135.0,29.815392893,80.8633462384,58.2928050608,45.0,46.5183330883,117.991684791,79.1009498361,-45.0,51.4047821055,129.596224365,46.70570144,-135.0,25.750567255,115.193702456,60.0622556356,45.0,47.1971307166,150.516207193,79.1076336258,-45.0,48.3986292961,161.276803363,45.7958977921,-135.0,22.895889904,153.294717459,58.7470700092,45.0,48.0233433193,170.84105686,82.354962261,-45.0,4.58810634065,
6_pramod#SD_MixedMotion_10.mp4 #0.0#55.3283270063,68.3229338836,-180.0,89.9066016959,51.0302540263,5.98481983072,-45.0,56.9338098724,88.5835374771,39.479526271,45.0,89.3421757288,149.370764724,70.2937846812,-45.0,72.0438382093,141.770306507,8.71294069225,-180.0,103.332867823,
6_neeraj#SA_2_motion_11.mp4 #0.0#97.7993442623,20.2350210358,-180.0,120.311715366,
6_neeraj#SA_2_motion_27.mp4 #0.0#90.1195061728,25.5894242325,45.0,149.730958181,
6_neeraj#SA_3_motion_29.mp4 #0.0#76.8380952381,74.9178255373,0.0,137.051298907,
6_neeraj#SB_2_motion_19.mp4 #0.0#106.651428571,36.4312804768,135.0,107.169147624,
6_neeraj#SB_3_motion_14.mp4 #0.0#120.38579954,27.2060859496,0.0,87.8031162142,95.763577416,72.9309194377,-180.0,134.337855987,59.1536062703,27.0387833429,-45.0,76.0109163441,
6_neeraj#SB_PoolShot_3.mp4 #0.0#142.849606051,40.2642381786,-135.0,106.749365714,99.6309388767,38.7970377799,90.0,95.7870088978,48.779848948,57.572137233,-135.0,73.6635495964,51.3262881164,11.872148004,-45.0,55.4236160099,126.196862287,44.6776956817,0.0,147.255454855,
6_neeraj#SC_3_motion_3.mp4 #1.0#70.4665886493,84.6066302893,0.0,104.067813443,142.994557148,39.8038024411,-90.0,95.6662036977,70.3206589221,0.710713044701,135.0,111.016698229,72.9622938663,86.0324183217,0.0,115.352696352,146.311806138,45.584493088,-90.0,103.82988117,74.7608113868,0.0317491004064,135.0,106.102116549,71.1942327888,81.1090092275,0.0,108.135296416,147.301920922,44.0769049261,-90.0,106.815094089,68.6370900249,5.8846511287,135.0,113.879703197,
6_neeraj#SC_3_motion_8.mp4 #1.0#154.95052667,23.3955219707,-180.0,37.2580865449,147.18142626,3.23566528525,-45.0,22.3918717403,150.159675613,17.3162799368,135.0,46.5902487962,114.929420935,13.0459112585,-135.0,24.2792945637,123.828035148,1.04752574554,0.0,17.6628296689,118.644409398,21.9612614667,135.0,43.5148855534,86.9653673914,14.5631765557,-135.0,25.6799608235,95.7894677662,-0.667998033918,0.0,15.5804399215,95.0918192681,18.7949390989,135.0,38.2548278779,64.1042039137,15.573418978,-135.0,28.0257595605,66.4840235458,-1.53940813199,-45.0,14.1043950738,73.658128983,13.4543898743,90.0,28.4208861044,47.3365126405,15.8584696634,-180.0,36.8195277667,46.725871736,1.75728635093,0.0,23.204530353,39.3356715191,23.3760451617,135.0,37.6120443782,15.1418907796,10.2661772947,-135.0,23.1375435255,25.9389617632,3.34776403954,0.0,21.3730439958,21.8801708279,21.1687773179,135.0,27.206459467,
6_neeraj#SD_MixedMotion_10.mp4 #0.0#47.303968362,72.9002117608,-180.0,86.9985704751,50.0340934802,10.4390326804,-45.0,64.8675191597,86.6002129967,47.3659238367,45.0,88.3805072393,133.080765533,75.0193704057,-45.0,91.5287177516,123.881330739,8.22284620974,-180.0,75.4251906317,
6_hari#SA_2_motion_11.mp4 #0.0#93.64,77.0022123894,0.0,116.771233041,
6_hari#SA_2_motion_27.mp4 #1.0#117.44,42.6605766486,0.0,144.885178362,
6_hari#SA_3_motion_29.mp4 #0.0#90.5434482759,83.6252670125,0.0,141.794413735,
6_hari#SB_2_motion_19.mp4 #0.0#77.66,43.1803097345,90.0,120.778348154,
6_hari#SB_3_motion_14.mp4 #0.0#133.742241049,25.3280709343,0.0,85.5966284229,118.50369892,71.0697459885,135.0,100.091558614,45.9170519343,63.8883393669,-135.0,75.9026966836,56.1842413747,16.917702959,-45.0,72.5427624188,
6_hari#SB_PoolShot_3.mp4 #0.0#127.151631393,43.9825013207,-135.0,105.382134031,74.0817455285,43.1434727555,90.0,102.191759163,32.5416264976,41.0779974215,-135.0,107.095025429,112.657003673,30.3376109829,0.0,183.384395164,164.318445836,93.3003513446,90.0,2.50637972145,
6_hari#SC_3_motion_3.mp4 #0.0#92.7783607025,81.6592782671,-45.0,69.8596291854,114.006714042,27.0285723475,-135.0,87.6049960913,54.2481504821,27.6420092751,90.0,67.2811340577,
6_hari#SC_3_motion_8.mp4 #0.0#136.585000353,16.4750515861,135.0,49.5243315233,105.15804145,6.66245077634,-135.0,16.5424153374,114.942465822,-5.03684707782,-45.0,17.6037698937,119.3490174,15.6210506735,90.0,39.2841078065,86.4033091567,15.7358177774,-135.0,35.4341411044,84.9873012981,-4.75345369866,-45.0,10.873594187,88.2567193139,14.1807546928,90.0,36.4043553449,60.2466683025,19.3808221606,-135.0,24.7588732642,60.6450312437,1.53950681967,-45.0,13.842423239,66.9839610159,10.6264816613,90.0,26.8093327523,41.2824441216,17.2770925895,-180.0,30.6253711279,34.7385803348,-2.30857983124,-90.0,13.1768985659,40.5925168513,5.19416137362,90.0,29.8216093757,12.7361920114,10.9808940548,-180.0,29.9075624963,
6_hari#SD_MixedMotion_10.mp4 #0.0#37.4893883849,58.5425987696,-135.0,93.180617601,44.7639284024,2.63973835073,-45.0,59.5285237294,72.5704140367,40.302263161,90.0,79.2188179709,98.7468113124,69.1747515328,-45.0,63.3768304898,101.60548943,14.9128671812,-180.0,55.9756302281,
6_anudeep#SA_2_motion_11.mp4 #0.0#106.223333333,85.8333333333,0.0,135.987316021,
6_anudeep#SA_2_motion_27.mp4 #0.0#85.4896905222,34.6028202574,0.0,129.261567493,
6_anudeep#SA_3_motion_29.mp4 #0.0#95.5930434783,79.8768757214,0.0,137.15127629,
6_anudeep#SB_2_motion_19.mp4 #0.0#96.4448780488,52.8728685517,90.0,112.975944388,
6_anudeep#SB_3_motion_14.mp4 #0.0#114.774635211,25.1146788518,0.0,92.6036565093,81.7271596342,74.7313586693,135.0,141.65791897,37.9272881079,29.9175397877,-90.0,79.8362082777,
6_anudeep#SB_PoolShot_3.mp4 #0.0#113.617523512,38.1982177662,-135.0,96.4499750666,71.3016079344,49.0546955057,90.0,87.358860833,31.5082381171,50.3073773898,-135.0,81.0212404278,51.5361197281,50.8980977485,0.0,92.7916492923,110.715153602,44.629695023,-90.0,76.3501652437,147.444954939,42.1020121178,45.0,65.8043247019,
6_anudeep#SC_3_motion_3.mp4 #0.0#82.3834241155,49.2228315507,-45.0,16.1371147949,83.7099103426,30.9335234872,-135.0,37.0293747496,59.111631032,39.7042005382,45.0,44.6526814658,92.5336913549,59.6773101448,-45.0,43.3048332082,85.6371329716,16.8084626209,-180.0,60.3925003941,50.3793687531,36.7288765654,45.0,68.0100195595,91.6069206021,73.2244133262,-45.0,38.4924733319,
6_anudeep#SC_3_motion_8.mp4 #0.0#33.0836983331,78.948149108,0.0,31.5091226295,51.7427074909,61.081457815,-135.0,25.7286796001,41.0587751115,62.6645835766,45.0,37.4953917358,70.0729429854,76.3549565536,-45.0,34.59137491,74.3038165808,55.9380398648,-180.0,7.8315751981,69.8996409023,68.2704917624,45.0,31.2795002427,98.2909732725,73.2482533823,-90.0,35.089498068,99.0947064442,50.9892723222,-180.0,8.72783821841,92.7376280712,66.9800155252,45.0,38.6191790046,120.526673239,75.5453194948,-90.0,40.0564931936,125.581699024,50.7497579937,-135.0,6.1763259213,119.314457568,65.9778605697,45.0,34.8506359786,142.870956764,74.5315717413,-90.0,37.3902948743,146.483085423,50.7406937742,-135.0,4.07619609682,143.271834263,68.7153681433,45.0,43.0899828338,165.258457715,89.2464044071,-45.0,19.6591086322,
6_anudeep#SD_MixedMotion_10.mp4 #0.0#50.6469613582,65.7424588596,-180.0,77.6108254927,56.3096563101,12.754117347,-45.0,69.6896621948,87.276346705,44.6550181716,90.0,71.398231765,114.256148359,71.4472108355,-45.0,62.0376377222,119.667074225,17.7987795813,-180.0,62.1845994384,
6_natraj#SA_2_motion_11.mp4 #0.0#67.6015686275,59.7709526288,0.0,113.861116005,
6_natraj#SA_2_motion_27.mp4 #0.0#86.7466666667,35.3875033521,0.0,163.106867885,
6_natraj#SA_3_motion_29.mp4 #0.0#73.6979591837,62.7090482211,-45.0,124.019048645,
6_natraj#SB_2_motion_19.mp4 #0.0#74.7268085106,33.9710035775,90.0,80.6493294426,
6_natraj#SB_3_motion_14.mp4 #0.0#118.969307214,19.3232820635,0.0,80.765034192,111.378675967,60.3703103343,135.0,90.7670360062,55.7374725892,51.7430830414,-135.0,48.0295648884,71.5565937863,13.6352948171,-45.0,60.3540241198,
6_natraj#SB_PoolShot_3.mp4 #0.0#121.528903236,28.8927025081,-135.0,85.0283233146,94.4052892796,33.1563553173,90.0,90.0238713924,57.0843408212,62.5523739967,-180.0,63.4163985304,68.605285768,18.6288432789,-45.0,79.754108996,125.888772466,32.2690086268,45.0,87.5390132308,
6_natraj#SC_3_motion_8.mp4 #0.0#163.69139574,20.8607404879,135.0,33.9938457045,136.953847193,14.1847787374,-135.0,21.2317184694,143.760449487,-2.07968367791,-45.0,17.3455153355,145.139680583,14.9840540322,135.0,45.818828286,110.77196565,12.7878382211,-135.0,27.3118281912,115.85533241,0.527195494007,45.0,12.4204316181,97.0297168905,17.5907961512,135.0,40.5306762361,74.9639921557,5.19939936784,-90.0,22.1727132972,88.4994383629,-1.59800601642,0.0,17.031062821,79.7061935853,17.9663480618,135.0,32.7307120619,62.0187194671,18.6188160599,-135.0,4.33881746038,
6_natraj#SD_MixedMotion_10.mp4 #0.0#57.5722913553,56.35447219,-135.0,74.0129794084,65.1006168194,8.99245586787,-45.0,35.1581263567,88.5548425984,39.6981567672,45.0,66.5632513822,119.172308943,57.5222833849,-90.0,57.1050738206,111.950002012,12.7285093456,-180.0,41.5589656074,
