8_mohak#SA_2_motion_29.mp4 #0.0#0.0,0.0,0.0,0.0,0.0,0.0,0.0,0.0,0.0,42.0,0.0,0.0,0.0,0.0,0.0,0.0,0.0,1.0,8.0,1.0,0.0,0.0,0.0,0.0,0.0,0.0,2.0,19.0,0.0,0.0,0.0,0.0,0.0,0.0,0.0,1.0,60.0,0.0,0.0,0.0,0.0,0.0,0.0,0.0,1.0,6.0,0.0,0.0,0.0,0.0,0.0,0.0,0.0,0.0,0.0,0.0,0.0,0.0,0.0,0.0,0.0,0.0,0.0,0.0,
8_mohak#SA_3_motion_21.mp4 #0.0#0.0,0.0,0.0,0.0,0.0,0.0,0.0,0.0,0.0,34.0,1.0,0.0,0.0,0.0,0.0,0.0,0.0,1.0,32.0,0.0,0.0,0.0,0.0,0.0,0.0,0.0,0.0,0.0,0.0,0.0,0.0,0.0,0.0,0.0,0.0,0.0,0.0,0.0,0.0,0.0,0.0,0.0,0.0,0.0,0.0,0.0,0.0,0.0,0.0,0.0,0.0,0.0,0.0,0.0,0.0,0.0,0.0,0.0,0.0,0.0,0.0,0.0,0.0,0.0,
8_mohak#SB_3_motion_20.mp4 #0.0#77.0,1.0,0.0,0.0,0.0,0.0,0.0,0.0,0.0,1.0,1.0,0.0,0.0,0.0,0.0,0.0,0.0,0.0,1.0,1.0,0.0,0.0,0.0,0.0,0.0,0.0,0.0,48.0,1.0,0.0,0.0,0.0,0.0,0.0,0.0,0.0,29.0,1.0,0.0,0.0,0.0,0.0,0.0,0.0,0.0,7.0,1.0,0.0,0.0,0.0,0.0,0.0,0.0,0.0,51.0,1.0,0.0,0.0,0.0,0.0,0.0,0.0,0.0,8.0,
8_mohak#SC_2_motion_10.mp4 #0.0#20.0,4.0,0.0,0.0,0.0,0.0,0.0,0.0,0.0,35.0,3.0,0.0,1.0,0.0,0.0,0.0,0.0,0.0,41.0,4.0,0.0,0.0,0.0,0.0,0.0,0.0,0.0,51.0,4.0,0.0,0.0,0.0,0.0,0.0,1.0,0.0,36.0,5.0,0.0,1.0,0.0,0.0,0.0,0.0,1.0,57.0,3.0,0.0,0.0,0.0,0.0,0.0,0.0,0.0,26.0,3.0,4.0,0.0,0.0,0.0,0.0,0.0,0.0,11.0,
8_mohak#SC_Circle_CW_ACW.mp4 #0.0#118.0,3.0,0.0,0.0,0.0,0.0,0.0,1.0,2.0,61.0,2.0,0.0,0.0,0.0,0.0,0.0,0.0,1.0,43.0,1.0,0.0,1.0,0.0,0.0,0.0,0.0,1.0,75.0,1.0,0.0,0.0,0.0,0.0,0.0,0.0,1.0,67.0,1.0,0.0,0.0,0.0,0.0,1.0,0.0,1.0,53.0,1.0,0.0,0.0,0.0,0.0,0.0,0.0,1.0,53.0,2.0,2.0,0.0,0.0,0.0,0.0,0.0,1.0,95.0,
8_mohak#SD_MixedMotion_2.mp4 #0.0#115.0,1.0,0.0,0.0,0.0,0.0,0.0,0.0,1.0,33.0,1.0,0.0,0.0,0.0,0.0,0.0,0.0,0.0,2.0,0.0,0.0,0.0,0.0,0.0,0.0,0.0,0.0,0.0,0.0,0.0,0.0,0.0,0.0,0.0,0.0,0.0,0.0,0.0,0.0,0.0,0.0,0.0,0.0,0.0,0.0,0.0,0.0,0.0,0.0,0.0,0.0,0.0,0.0,0.0,0.0,0.0,0.0,0.0,0.0,0.0,0.0,0.0,0.0,0.0,
8_mohak#SD_MixedMotion_6.mp4 #0.0#99.0,0.0,0.0,0.0,0.0,0.0,0.0,5.0,5.0,59.0,0.0,0.0,1.0,0.0,0.0,1.0,0.0,7.0,59.0,0.0,0.0,0.0,0.0,0.0,0.0,0.0,7.0,54.0,0.0,0.0,0.0,0.0,0.0,0.0,0.0,7.0,97.0,0.0,0.0,2.0,0.0,0.0,0.0,0.0,7.0,68.0,0.0,0.0,0.0,0.0,0.0,0.0,0.0,8.0,45.0,0.0,0.0,0.0,0.0,0.0,1.0,0.0,7.0,62.0,
8_mohak#SE_2_motion_17.mp4 #0.0#50.0,0.0,0.0,0.0,1.0,1.0,0.0,0.0,0.0,7.0,1.0,0.0,0.0,0.0,0.0,0.0,0.0,0.0,49.0,1.0,0.0,0.0,0.0,0.0,1.0,0.0,0.0,3.0,1.0,0.0,0.0,0.0,0.0,0.0,0.0,1.0,54.0,0.0,0.0,1.0,0.0,0.0,0.0,0.0,0.0,3.0,1.0,0.0,0.0,0.0,0.0,0.0,0.0,0.0,35.0,1.0,2.0,0.0,0.0,0.0,0.0,0.0,0.0,2.0,
6_vidula#SA_2_motion_11.mp4 #0.0#0.0,0.0,0.0,0.0,0.0,0.0,0.0,0.0,0.0,0.0,0.0,0.0,0.0,0.0,0.0,0.0,0.0,0.0,0.0,0.0,0.0,0.0,0.0,0.0,0.0,0.0,0.0,52.0,0.0,0.0,0.0,0.0,0.0,0.0,0.0,1.0,46.0,0.0,0.0,0.0,0.0,0.0,0.0,0.0,0.0,0.0,0.0,0.0,0.0,0.0,0.0,0.0,0.0,0.0,0.0,0.0,0.0,0.0,0.0,0.0,0.0,0.0,0.0,0.0,
6_vidula#SA_2_motion_27.mp4 #0.0#0.0,0.0,0.0,0.0,0.0,0.0,0.0,0.0,0.0,0.0,0.0,0.0,0.0,0.0,0.0,0.0,0.0,0.0,0.0,0.0,0.0,0.0,0.0,0.0,0.0,0.0,0.0,0.0,1.0,0.0,0.0,0.0,0.0,0.0,0.0,0.0,27.0,1.0,0.0,0.0,0.0,0.0,0.0,0.0,1.0,63.0,0.0,0.0,0.0,0.0,0.0,0.0,0.0,0.0,0.0,0.0,0.0,0.0,0.0,0.0,0.0,0.0,0.0,0.0,
6_vidula#SA_3_motion_29.mp4 #0.0#0.0,0.0,0.0,0.0,0.0,0.0,0.0,0.0,0.0,0.0,0.0,0.0,0.0,0.0,0.0,0.0,0.0,0.0,0.0,0.0,0.0,0.0,0.0,0.0,0.0,0.0,0.0,105.0,0.0,0.0,0.0,0.0,0.0,0.0,0.0,0.0,0.0,0.0,0.0,0.0,0.0,0.0,0.0,0.0,0.0,0.0,0.0,0.0,0.0,0.0,0.0,0.0,0.0,0.0,0.0,0.0,0.0,0.0,0.0,0.0,0.0,0.0,0.0,0.0,
6_vidula#SB_2_motion_19.mp4 #0.0#0.0,0.0,0.0,0.0,0.0,0.0,0.0,0.0,0.0,0.0,0.0,0.0,0.0,0.0,0.0,0.0,0.0,0.0,0.0,0.0,0.0,0.0,0.0,0.0,0.0,0.0,0.0,0.0,0.0,0.0,0.0,0.0,0.0,0.0,0.0,0.0,0.0,0.0,0.0,0.0,0.0,0.0,0.0,0.0,0.0,0.0,0.0,0.0,0.0,0.0,0.0,0.0,0.0,0.0,88.0,0.0,0.0,0.0,0.0,0.0,0.0,0.0,0.0,0.0,
6_vidula#SB_3_motion_14.mp4 #0.0#66.0,1.0,0.0,1.0,0.0,0.0,0.0,0.0,1.0,17.0,0.0,0.0,0.0,0.0,0.0,0.0,0.0,0.0,0.0,0.0,0.0,0.0,0.0,0.0,0.0,0.0,0.0,63.0,1.0,0.0,0.0,0.0,0.0,0.0,0.0,0.0,83.0,1.0,0.0,0.0,0.0,0.0,0.0,0.0,1.0,1.0,0.0,1.0,0.0,0.0,0.0,0.0,0.0,0.0,0.0,0.0,1.0,0.0,0.0,0.0,0.0,0.0,0.0,72.0,
6_vidula#SB_PoolShot_3.mp4 #0.0#0.0,0.0,0.0,0.0,0.0,0.0,0.0,0.0,0.0,191.0,0.0,0.0,0.0,1.0,1.0,0.0,0.0,1.0,0.0,0.0,0.0,0.0,0.0,0.0,0.0,0.0,0.0,41.0,0.0,1.0,0.0,0.0,0.0,1.0,0.0,1.0,42.0,0.0,0.0,0.0,0.0,0.0,0.0,1.0,1.0,95.0,0.0,0.0,0.0,0.0,0.0,0.0,1.0,0.0,84.0,0.0,0.0,0.0,0.0,0.0,0.0,0.0,0.0,0.0,
6_vidula#SC_3_motion_8.mp4 #0.0#1.0,0.0,0.0,0.0,0.0,0.0,0.0,4.0,4.0,38.0,0.0,0.0,0.0,0.0,0.0,1.0,0.0,6.0,115.0,0.0,1.0,0.0,0.0,0.0,0.0,0.0,6.0,67.0,0.0,0.0,0.0,0.0,0.0,0.0,1.0,6.0,47.0,2.0,0.0,0.0,0.0,0.0,0.0,0.0,8.0,82.0,0.0,0.0,0.0,0.0,0.0,0.0,0.0,5.0,73.0,0.0,0.0,0.0,0.0,0.0,0.0,0.0,5.0,7.0,
6_vidula#SD_MixedMotion_10.mp4 #0.0#33.0,1.0,0.0,0.0,0.0,0.0,0.0,1.0,1.0,62.0,1.0,0.0,0.0,0.0,0.0,0.0,0.0,1.0,62.0,1.0,0.0,0.0,0.0,0.0,0.0,0.0,1.0,30.0,1.0,0.0,0.0,0.0,0.0,0.0,0.0,1.0,3.0,1.0,0.0,0.0,0.0,0.0,0.0,0.0,1.0,28.0,1.0,0.0,0.0,0.0,0.0,0.0,0.0,1.0,30.0,0.0,1.0,0.0,0.0,0.0,0.0,0.0,0.0,3.0,
8_bipin#SA_2_motion_29.mp4 #0.0#0.0,0.0,0.0,0.0,0.0,0.0,0.0,0.0,0.0,0.0,0.0,0.0,0.0,0.0,0.0,0.0,0.0,0.0,29.0,0.0,1.0,0.0,0.0,0.0,0.0,0.0,1.0,56.0,0.0,0.0,0.0,0.0,0.0,0.0,0.0,1.0,13.0,0.0,0.0,0.0,0.0,0.0,0.0,0.0,1.0,57.0,0.0,0.0,0.0,0.0,0.0,0.0,0.0,0.0,0.0,0.0,0.0,0.0,0.0,0.0,0.0,0.0,0.0,0.0,
8_bipin#SA_3_motion_21.mp4 #0.0#0.0,0.0,0.0,0.0,0.0,0.0,0.0,0.0,0.0,8.0,0.0,0.0,0.0,0.0,0.0,0.0,0.0,1.0,68.0,0.0,0.0,0.0,0.0,0.0,0.0,0.0,0.0,0.0,0.0,0.0,0.0,0.0,0.0,0.0,0.0,0.0,0.0,0.0,0.0,0.0,0.0,0.0,0.0,0.0,0.0,0.0,0.0,0.0,0.0,0.0,0.0,0.0,0.0,0.0,0.0,0.0,0.0,0.0,0.0,0.0,0.0,0.0,0.0,0.0,
8_bipin#SB_3_motion_20.mp4 #0.0#0.0,1.0,0.0,0.0,0.0,0.0,0.0,0.0,0.0,63.0,1.0,0.0,0.0,0.0,0.0,0.0,0.0,0.0,0.0,0.0,1.0,0.0,0.0,0.0,0.0,0.0,0.0,93.0,1.0,0.0,0.0,0.0,0.0,0.0,0.0,1.0,3.0,0.0,0.0,1.0,0.0,0.0,0.0,1.0,0.0,0.0,0.0,0.0,0.0,0.0,0.0,0.0,0.0,1.0,85.0,0.0,0.0,0.0,0.0,0.0,0.0,0.0,1.0,3.0,
8_bipin#SC_2_motion_10.mp4 #0.0#9.0,0.0,0.0,0.0,2.0,0.0,0.0,3.0,4.0,83.0,0.0,0.0,0.0,0.0,1.0,1.0,0.0,6.0,40.0,0.0,0.0,0.0,0.0,0.0,0.0,0.0,6.0,46.0,0.0,0.0,0.0,0.0,1.0,0.0,0.0,6.0,79.0,0.0,0.0,1.0,0.0,0.0,0.0,0.0,6.0,96.0,0.0,0.0,0.0,0.0,0.0,0.0,0.0,7.0,44.0,0.0,0.0,0.0,0.0,0.0,0.0,0.0,5.0,12.0,
8_bipin#SC_Circle_CW_ACW.mp4 #0.0#93.0,4.0,0.0,0.0,0.0,0.0,0.0,4.0,4.0,108.0,4.0,0.0,0.0,0.0,0.0,0.0,0.0,3.0,102.0,4.0,0.0,0.0,0.0,0.0,0.0,1.0,2.0,89.0,5.0,0.0,0.0,0.0,1.0,0.0,1.0,4.0,163.0,4.0,0.0,0.0,0.0,0.0,0.0,0.0,5.0,111.0,2.0,0.0,0.0,0.0,0.0,0.0,0.0,4.0,113.0,2.0,3.0,0.0,0.0,0.0,0.0,0.0,3.0,54.0,
8_bipin#SD_MixedMotion_2.mp4 #0.0#96.0,1.0,0.0,0.0,0.0,0.0,0.0,0.0,1.0,65.0,0.0,0.0,0.0,0.0,0.0,0.0,0.0,0.0,0.0,0.0,0.0,0.0,0.0,0.0,0.0,0.0,0.0,0.0,0.0,0.0,0.0,0.0,0.0,0.0,0.0,0.0,0.0,0.0,0.0,0.0,0.0,0.0,0.0,0.0,0.0,0.0,0.0,0.0,0.0,0.0,0.0,0.0,0.0,0.0,0.0,0.0,0.0,0.0,0.0,0.0,0.0,0.0,0.0,0.0,
8_bipin#SD_MixedMotion_6.mp4 #0.0#72.0,0.0,0.0,0.0,0.0,0.0,1.0,11.0,12.0,253.0,0.0,0.0,0.0,0.0,0.0,0.0,0.0,11.0,76.0,0.0,0.0,0.0,0.0,0.0,0.0,0.0,9.0,98.0,2.0,0.0,0.0,0.0,1.0,0.0,2.0,11.0,181.0,1.0,0.0,0.0,0.0,1.0,0.0,0.0,12.0,154.0,0.0,0.0,0.0,0.0,0.0,0.0,0.0,11.0,94.0,1.0,0.0,0.0,0.0,0.0,1.0,0.0,11.0,72.0,
8_bipin#SE_2_motion_17.mp4 #0.0#0.0,0.0,0.0,0.0,0.0,0.0,0.0,0.0,0.0,0.0,0.0,0.0,0.0,0.0,0.0,0.0,0.0,0.0,62.0,1.0,0.0,0.0,0.0,0.0,0.0,0.0,0.0,18.0,1.0,0.0,0.0,0.0,0.0,0.0,0.0,1.0,43.0,0.0,0.0,0.0,0.0,0.0,0.0,0.0,0.0,0.0,0.0,0.0,0.0,0.0,0.0,0.0,0.0,0.0,0.0,0.0,0.0,0.0,0.0,0.0,0.0,0.0,0.0,0.0,
7_himanshu#SC_2_Motion_8.mp4 #0.0#147.0,4.0,0.0,0.0,1.0,0.0,0.0,0.0,0.0,94.0,4.0,0.0,0.0,0.0,0.0,0.0,0.0,0.0,178.0,6.0,0.0,0.0,0.0,0.0,0.0,0.0,2.0,114.0,4.0,0.0,0.0,0.0,1.0,0.0,0.0,0.0,210.0,6.0,0.0,0.0,0.0,0.0,0.0,0.0,1.0,88.0,6.0,0.0,0.0,0.0,0.0,0.0,2.0,0.0,155.0,4.0,4.0,0.0,0.0,0.0,0.0,0.0,0.0,194.0,
7_himanshu#SC_3_motion_2.mp4 #0.0#3.0,2.0,0.0,0.0,0.0,0.0,0.0,0.0,0.0,83.0,3.0,0.0,0.0,0.0,0.0,0.0,0.0,0.0,80.0,4.0,0.0,0.0,0.0,0.0,0.0,0.0,1.0,7.0,3.0,0.0,0.0,0.0,0.0,0.0,0.0,1.0,1.0,3.0,0.0,0.0,0.0,0.0,0.0,0.0,0.0,79.0,3.0,0.0,1.0,0.0,0.0,0.0,0.0,0.0,89.0,2.0,1.0,1.0,0.0,0.0,0.0,0.0,0.0,4.0,
7_himanshu#SC_3_motion_3.mp4 #1.0#12.0,0.0,0.0,0.0,0.0,0.0,0.0,2.0,2.0,13.0,0.0,0.0,0.0,0.0,0.0,0.0,0.0,2.0,10.0,0.0,0.0,0.0,0.0,0.0,0.0,0.0,2.0,15.0,0.0,0.0,0.0,0.0,0.0,0.0,0.0,2.0,13.0,0.0,0.0,0.0,0.0,0.0,0.0,0.0,2.0,11.0,0.0,0.0,0.0,0.0,0.0,0.0,0.0,2.0,18.0,0.0,0.0,0.0,0.0,0.0,0.0,0.0,2.0,11.0,
7_himanshu#SC_3_motion_5.mp4 #0.0#16.0,0.0,0.0,0.0,0.0,0.0,0.0,2.0,2.0,11.0,0.0,0.0,1.0,0.0,0.0,0.0,0.0,2.0,22.0,0.0,0.0,0.0,0.0,0.0,0.0,0.0,2.0,10.0,1.0,0.0,0.0,0.0,0.0,1.0,0.0,3.0,15.0,0.0,0.0,0.0,0.0,0.0,0.0,0.0,2.0,28.0,0.0,0.0,0.0,0.0,0.0,0.0,0.0,2.0,12.0,0.0,0.0,0.0,0.0,0.0,0.0,0.0,2.0,15.0,
7_himanshu#SD_MixedMotion_3.mp4 #0.0#0.0,0.0,0.0,0.0,0.0,0.0,0.0,0.0,0.0,48.0,0.0,1.0,0.0,0.0,0.0,0.0,0.0,1.0,5.0,0.0,0.0,0.0,0.0,0.0,0.0,0.0,1.0,22.0,1.0,0.0,0.0,0.0,0.0,0.0,0.0,0.0,18.0,3.0,0.0,0.0,0.0,0.0,0.0,0.0,3.0,11.0,1.0,0.0,0.0,0.0,0.0,0.0,0.0,1.0,50.0,0.0,0.0,0.0,0.0,0.0,0.0,0.0,0.0,0.0,
7_himanshu#SD_MixedMotion_4.mp4 #0.0#0.0,0.0,0.0,0.0,0.0,0.0,0.0,0.0,0.0,48.0,1.0,0.0,0.0,0.0,0.0,0.0,0.0,1.0,5.0,1.0,1.0,0.0,0.0,0.0,0.0,0.0,1.0,17.0,1.0,0.0,0.0,0.0,0.0,0.0,1.0,2.0,53.0,1.0,1.0,0.0,0.0,0.0,0.0,0.0,1.0,12.0,1.0,0.0,0.0,0.0,0.0,0.0,1.0,1.0,37.0,0.0,0.0,0.0,0.0,0.0,0.0,0.0,0.0,0.0,
7_himanshu#SD_MixedMotion_5.mp4 #0.0#28.0,0.0,0.0,0.0,0.0,0.0,0.0,1.0,1.0,20.0,1.0,0.0,0.0,0.0,0.0,0.0,0.0,0.0,10.0,1.0,0.0,0.0,0.0,0.0,0.0,0.0,0.0,33.0,1.0,0.0,0.0,0.0,0.0,0.0,0.0,0.0,15.0,1.0,0.0,0.0,0.0,1.0,0.0,0.0,0.0,2.0,0.0,0.0,0.0,0.0,0.0,0.0,0.0,0.0,1.0,0.0,0.0,0.0,0.0,0.0,0.0,0.0,1.0,8.0,
6_anike#SA_2_motion_11.mp4 #0.0#14.0,0.0,0.0,0.0,0.0,0.0,0.0,1.0,0.0,0.0,0.0,0.0,0.0,0.0,0.0,0.0,0.0,0.0,0.0,0.0,0.0,0.0,0.0,0.0,0.0,0.0,0.0,0.0,0.0,0.0,0.0,0.0,0.0,0.0,0.0,0.0,0.0,0.0,0.0,0.0,0.0,0.0,0.0,0.0,0.0,0.0,0.0,0.0,0.0,0.0,0.0,0.0,0.0,0.0,0.0,0.0,1.0,0.0,0.0,0.0,0.0,0.0,0.0,59.0,
6_anike#SA_2_motion_27.mp4 #0.0#0.0,0.0,0.0,0.0,0.0,0.0,0.0,0.0,0.0,0.0,0.0,0.0,0.0,0.0,0.0,0.0,0.0,0.0,0.0,0.0,0.0,0.0,0.0,0.0,0.0,0.0,0.0,2.0,1.0,0.0,0.0,0.0,0.0,0.0,0.0,0.0,47.0,1.0,0.0,0.0,0.0,0.0,0.0,0.0,0.0,86.0,0.0,0.0,0.0,0.0,0.0,0.0,0.0,0.0,0.0,0.0,0.0,0.0,0.0,0.0,0.0,0.0,0.0,0.0,
6_anike#SA_3_motion_29.mp4 #0.0#0.0,0.0,0.0,0.0,0.0,0.0,0.0,0.0,0.0,0.0,0.0,0.0,0.0,0.0,0.0,0.0,0.0,0.0,0.0,0.0,0.0,0.0,0.0,0.0,0.0,0.0,0.0,0.0,0.0,0.0,0.0,0.0,0.0,0.0,0.0,0.0,0.0,0.0,0.0,0.0,0.0,0.0,0.0,0.0,0.0,20.0,1.0,0.0,0.0,0.0,0.0,0.0,0.0,1.0,20.0,0.0,0.0,0.0,0.0,0.0,0.0,0.0,0.0,0.0,
6_anike#SB_2_motion_19.mp4 #0.0#0.0,0.0,0.0,0.0,0.0,0.0,0.0,0.0,0.0,0.0,0.0,0.0,0.0,0.0,0.0,0.0,0.0,0.0,0.0,0.0,0.0,0.0,0.0,0.0,0.0,0.0,0.0,0.0,0.0,0.0,0.0,0.0,0.0,0.0,0.0,0.0,0.0,0.0,0.0,0.0,0.0,0.0,0.0,0.0,0.0,0.0,0.0,0.0,0.0,0.0,0.0,0.0,0.0,0.0,65.0,1.0,0.0,0.0,0.0,0.0,0.0,0.0,1.0,14.0,
6_anike#SB_3_motion_14.mp4 #0.0#10.0,1.0,0.0,0.0,0.0,0.0,0.0,0.0,0.0,49.0,1.0,0.0,0.0,0.0,0.0,0.0,0.0,0.0,3.0,1.0,1.0,0.0,0.0,0.0,0.0,0.0,1.0,45.0,0.0,0.0,0.0,0.0,0.0,0.0,0.0,0.0,53.0,1.0,0.0,0.0,0.0,0.0,0.0,0.0,0.0,3.0,1.0,0.0,0.0,0.0,0.0,0.0,0.0,0.0,0.0,1.0,1.0,0.0,0.0,0.0,0.0,0.0,0.0,60.0,
6_anike#SB_PoolShot_3.mp4 #0.0#128.0,2.0,0.0,0.0,0.0,0.0,0.0,1.0,1.0,31.0,0.0,1.0,0.0,0.0,0.0,0.0,0.0,0.0,1.0,0.0,0.0,1.0,0.0,0.0,0.0,0.0,0.0,58.0,1.0,0.0,0.0,0.0,0.0,0.0,0.0,0.0,11.0,1.0,0.0,0.0,1.0,0.0,0.0,0.0,0.0,52.0,0.0,0.0,0.0,0.0,1.0,0.0,0.0,0.0,69.0,0.0,0.0,0.0,0.0,0.0,0.0,0.0,1.0,0.0,
6_anike#SC_3_motion_3.mp4 #1.0#38.0,0.0,0.0,0.0,0.0,0.0,0.0,1.0,1.0,27.0,0.0,0.0,0.0,0.0,0.0,0.0,0.0,1.0,30.0,0.0,0.0,0.0,0.0,0.0,0.0,0.0,1.0,19.0,0.0,0.0,0.0,0.0,0.0,0.0,0.0,1.0,32.0,0.0,0.0,0.0,0.0,0.0,0.0,0.0,1.0,23.0,0.0,0.0,0.0,0.0,0.0,0.0,0.0,1.0,20.0,0.0,0.0,0.0,0.0,0.0,0.0,0.0,1.0,25.0,
6_anike#SC_3_motion_8.mp4 #1.0#103.0,0.0,0.0,0.0,0.0,0.0,0.0,5.0,4.0,67.0,0.0,0.0,0.0,0.0,0.0,0.0,0.0,4.0,5.0,0.0,0.0,0.0,0.0,0.0,0.0,0.0,4.0,4.0,0.0,0.0,0.0,0.0,0.0,0.0,0.0,4.0,19.0,0.0,0.0,0.0,0.0,0.0,0.0,0.0,4.0,37.0,0.0,0.0,0.0,0.0,0.0,0.0,0.0,5.0,52.0,0.0,0.0,0.0,0.0,0.0,0.0,0.0,5.0,13.0,
6_anike#SD_MixedMotion_10.mp4 #0.0#52.0,1.0,0.0,0.0,0.0,0.0,0.0,1.0,1.0,53.0,1.0,0.0,0.0,0.0,0.0,0.0,0.0,1.0,42.0,1.0,0.0,0.0,0.0,0.0,0.0,0.0,1.0,44.0,1.0,0.0,0.0,0.0,0.0,0.0,0.0,1.0,19.0,1.0,0.0,0.0,0.0,0.0,0.0,0.0,1.0,22.0,1.0,0.0,0.0,0.0,0.0,0.0,0.0,1.0,21.0,0.0,1.0,0.0,0.0,0.0,0.0,0.0,1.0,7.0,
7_litton#SE_2_motion_16.mp4 #0.0#0.0,0.0,0.0,0.0,0.0,0.0,0.0,0.0,0.0,0.0,0.0,0.0,0.0,0.0,0.0,0.0,0.0,0.0,39.0,1.0,0.0,0.0,0.0,0.0,0.0,0.0,0.0,27.0,1.0,0.0,0.0,0.0,0.0,0.0,0.0,1.0,13.0,0.0,0.0,0.0,0.0,0.0,0.0,0.0,0.0,0.0,0.0,0.0,0.0,0.0,0.0,0.0,0.0,0.0,0.0,0.0,0.0,0.0,0.0,0.0,0.0,0.0,0.0,0.0,
7_litton#SC_3_motion_2.mp4 #0.0#31.0,0.0,0.0,0.0,0.0,0.0,0.0,2.0,1.0,9.0,0.0,0.0,0.0,0.0,0.0,0.0,0.0,1.0,9.0,0.0,0.0,0.0,0.0,0.0,0.0,0.0,1.0,22.0,1.0,0.0,0.0,0.0,0.0,0.0,0.0,2.0,27.0,0.0,1.0,0.0,0.0,0.0,0.0,0.0,1.0,10.0,0.0,0.0,0.0,0.0,0.0,0.0,1.0,1.0,7.0,0.0,0.0,0.0,0.0,0.0,0.0,0.0,1.0,20.0,
7_litton#SC_3_motion_5.mp4 #0.0#1.0,0.0,0.0,0.0,1.0,0.0,0.0,0.0,0.0,5.0,1.0,0.0,0.0,0.0,0.0,0.0,0.0,0.0,11.0,1.0,0.0,0.0,0.0,0.0,0.0,0.0,0.0,7.0,1.0,0.0,0.0,0.0,0.0,0.0,0.0,0.0,4.0,1.0,0.0,0.0,0.0,0.0,0.0,0.0,0.0,10.0,1.0,0.0,0.0,0.0,0.0,0.0,0.0,0.0,7.0,1.0,1.0,0.0,0.0,0.0,0.0,0.0,0.0,10.0,
7_litton#SD_MixedMotion_3.mp4 #0.0#7.0,1.0,0.0,0.0,0.0,0.0,0.0,0.0,1.0,49.0,1.0,0.0,0.0,0.0,0.0,0.0,0.0,1.0,18.0,1.0,1.0,0.0,0.0,0.0,0.0,0.0,1.0,14.0,1.0,0.0,0.0,0.0,0.0,0.0,1.0,0.0,19.0,1.0,0.0,0.0,0.0,0.0,0.0,0.0,1.0,26.0,1.0,0.0,0.0,0.0,0.0,0.0,0.0,1.0,21.0,1.0,0.0,0.0,0.0,0.0,0.0,0.0,1.0,34.0,
7_litton#SD_MixedMotion_4.mp4 #0.0#0.0,0.0,0.0,0.0,0.0,0.0,0.0,0.0,0.0,44.0,1.0,0.0,0.0,0.0,0.0,0.0,0.0,1.0,21.0,1.0,0.0,0.0,0.0,0.0,0.0,0.0,1.0,18.0,1.0,0.0,0.0,0.0,0.0,0.0,0.0,2.0,125.0,1.0,1.0,0.0,0.0,0.0,0.0,0.0,1.0,13.0,1.0,0.0,0.0,0.0,0.0,0.0,0.0,1.0,31.0,1.0,0.0,0.0,0.0,0.0,1.0,0.0,0.0,14.0,
7_litton#SD_MixedMotion_5.mp4 #0.0#53.0,0.0,0.0,0.0,0.0,0.0,0.0,0.0,1.0,52.0,0.0,0.0,0.0,0.0,0.0,0.0,0.0,0.0,4.0,1.0,0.0,0.0,0.0,0.0,0.0,0.0,0.0,42.0,1.0,0.0,0.0,0.0,0.0,0.0,0.0,0.0,47.0,1.0,0.0,0.0,0.0,1.0,0.0,0.0,0.0,22.0,0.0,0.0,0.0,0.0,0.0,0.0,0.0,0.0,0.0,0.0,0.0,0.0,0.0,0.0,0.0,0.0,0.0,0.0,
6_ameya#SA_2_motion_11.mp4 #0.0#0.0,0.0,0.0,0.0,0.0,0.0,0.0,0.0,0.0,0.0,0.0,1.0,0.0,0.0,0.0,0.0,0.0,0.0,0.0,0.0,0.0,0.0,0.0,0.0,0.0,0.0,0.0,2.0,1.0,0.0,0.0,0.0,0.0,0.0,0.0,0.0,88.0,0.0,0.0,0.0,0.0,0.0,0.0,0.0,0.0,0.0,0.0,0.0,0.0,0.0,0.0,0.0,0.0,0.0,0.0,0.0,0.0,0.0,0.0,0.0,0.0,0.0,0.0,0.0,
6_ameya#SA_2_motion_27.mp4 #0.0#0.0,0.0,0.0,0.0,0.0,0.0,0.0,0.0,0.0,0.0,0.0,0.0,0.0,0.0,0.0,0.0,0.0,0.0,0.0,0.0,0.0,0.0,0.0,0.0,0.0,0.0,0.0,11.0,1.0,0.0,0.0,0.0,0.0,0.0,0.0,0.0,49.0,1.0,0.0,0.0,0.0,0.0,0.0,0.0,0.0,70.0,0.0,0.0,0.0,0.0,0.0,0.0,0.0,0.0,0.0,0.0,0.0,0.0,0.0,0.0,0.0,0.0,0.0,0.0,
6_ameya#SA_3_motion_29.mp4 #0.0#0.0,0.0,0.0,0.0,0.0,0.0,0.0,0.0,0.0,0.0,0.0,0.0,0.0,0.0,0.0,0.0,0.0,0.0,0.0,0.0,0.0,0.0,0.0,0.0,0.0,0.0,0.0,51.0,0.0,0.0,0.0,0.0,0.0,0.0,0.0,1.0,56.0,0.0,0.0,0.0,0.0,0.0,0.0,0.0,0.0,0.0,0.0,0.0,0.0,0.0,0.0,0.0,0.0,0.0,0.0,0.0,0.0,0.0,0.0,0.0,0.0,0.0,0.0,0.0,
6_ameya#SB_2_motion_19.mp4 #0.0#0.0,0.0,0.0,0.0,0.0,0.0,0.0,0.0,0.0,0.0,0.0,0.0,0.0,0.0,0.0,0.0,0.0,0.0,0.0,0.0,0.0,0.0,0.0,0.0,0.0,0.0,0.0,0.0,0.0,0.0,0.0,0.0,0.0,0.0,0.0,0.0,0.0,0.0,0.0,0.0,0.0,0.0,0.0,0.0,0.0,0.0,0.0,0.0,0.0,0.0,0.0,0.0,0.0,0.0,110.0,0.0,0.0,0.0,0.0,0.0,0.0,0.0,1.0,22.0,
6_ameya#SB_3_motion_14.mp4 #0.0#80.0,1.0,0.0,0.0,0.0,0.0,0.0,1.0,0.0,1.0,1.0,1.0,0.0,0.0,0.0,0.0,0.0,0.0,7.0,1.0,0.0,0.0,0.0,0.0,1.0,1.0,0.0,83.0,1.0,0.0,0.0,0.0,0.0,0.0,0.0,0.0,89.0,1.0,0.0,0.0,1.0,0.0,0.0,0.0,0.0,0.0,0.0,0.0,0.0,0.0,0.0,1.0,0.0,0.0,0.0,0.0,0.0,0.0,0.0,0.0,0.0,0.0,1.0,95.0,
6_ameya#SB_PoolShot_3.mp4 #0.0#0.0,0.0,0.0,0.0,0.0,0.0,0.0,0.0,0.0,179.0,0.0,0.0,2.0,0.0,0.0,0.0,0.0,0.0,0.0,0.0,0.0,0.0,0.0,0.0,0.0,0.0,0.0,0.0,0.0,0.0,0.0,0.0,0.0,1.0,0.0,0.0,116.0,2.0,0.0,0.0,0.0,0.0,0.0,0.0,0.0,43.0,1.0,0.0,0.0,0.0,0.0,0.0,1.0,0.0,98.0,0.0,0.0,0.0,0.0,0.0,0.0,0.0,0.0,0.0,
6_ameya#SC_3_motion_3.mp4 #0.0#40.0,0.0,0.0,0.0,0.0,0.0,0.0,1.0,1.0,22.0,0.0,0.0,0.0,0.0,0.0,0.0,0.0,1.0,37.0,0.0,0.0,0.0,0.0,0.0,0.0,0.0,2.0,51.0,0.0,0.0,0.0,0.0,0.0,0.0,0.0,2.0,36.0,0.0,0.0,0.0,0.0,0.0,0.0,0.0,2.0,29.0,0.0,0.0,0.0,0.0,0.0,0.0,0.0,1.0,24.0,0.0,0.0,0.0,0.0,0.0,0.0,0.0,1.0,44.0,
6_ameya#SC_3_motion_8.mp4 #0.0#14.0,0.0,0.0,0.0,0.0,0.0,0.0,4.0,3.0,23.0,0.0,0.0,2.0,0.0,0.0,0.0,0.0,4.0,101.0,0.0,0.0,0.0,0.0,0.0,0.0,0.0,5.0,58.0,0.0,0.0,0.0,0.0,1.0,1.0,0.0,5.0,81.0,1.0,0.0,0.0,0.0,0.0,0.0,0.0,5.0,55.0,0.0,0.0,0.0,0.0,0.0,0.0,1.0,3.0,39.0,0.0,0.0,0.0,0.0,0.0,0.0,0.0,4.0,23.0,
6_ameya#SD_MixedMotion_10.mp4 #0.0#64.0,1.0,0.0,0.0,1.0,0.0,0.0,0.0,1.0,54.0,1.0,0.0,0.0,0.0,0.0,0.0,0.0,1.0,51.0,1.0,0.0,0.0,0.0,0.0,0.0,0.0,1.0,86.0,1.0,0.0,0.0,0.0,0.0,0.0,0.0,1.0,9.0,2.0,0.0,0.0,0.0,0.0,0.0,0.0,2.0,7.0,1.0,0.0,0.0,0.0,0.0,0.0,0.0,1.0,57.0,0.0,1.0,0.0,0.0,0.0,0.0,0.0,0.0,5.0,
7_tejaswinee#SE_2_motion_16.mp4 #0.0#0.0,0.0,0.0,0.0,0.0,0.0,0.0,0.0,0.0,0.0,0.0,0.0,0.0,0.0,0.0,0.0,0.0,0.0,0.0,0.0,0.0,0.0,0.0,0.0,0.0,0.0,0.0,0.0,0.0,0.0,0.0,0.0,0.0,0.0,0.0,0.0,0.0,0.0,0.0,1.0,0.0,0.0,0.0,0.0,0.0,37.0,1.0,0.0,0.0,0.0,0.0,0.0,1.0,0.0,3.0,0.0,0.0,0.0,0.0,0.0,0.0,0.0,1.0,56.0,
7_tejaswinee#SC_2_Motion_8.mp4 #1.0#104.0,7.0,0.0,0.0,0.0,0.0,0.0,0.0,0.0,135.0,7.0,0.0,0.0,0.0,0.0,0.0,0.0,0.0,99.0,8.0,1.0,0.0,0.0,0.0,0.0,0.0,1.0,102.0,7.0,0.0,0.0,0.0,0.0,0.0,1.0,0.0,108.0,8.0,0.0,0.0,0.0,0.0,0.0,0.0,1.0,100.0,7.0,0.0,0.0,0.0,0.0,0.0,0.0,0.0,130.0,7.0,7.0,0.0,0.0,0.0,0.0,0.0,0.0,94.0,
7_tejaswinee#SC_3_motion_2.mp4 #1.0#16.0,4.0,0.0,0.0,0.0,0.0,0.0,1.0,0.0,122.0,4.0,0.0,0.0,0.0,0.0,0.0,0.0,0.0,92.0,4.0,0.0,0.0,0.0,0.0,0.0,0.0,0.0,11.0,5.0,0.0,0.0,0.0,0.0,0.0,0.0,1.0,8.0,4.0,0.0,0.0,0.0,0.0,0.0,0.0,0.0,182.0,4.0,0.0,1.0,0.0,0.0,0.0,0.0,0.0,75.0,3.0,4.0,0.0,0.0,0.0,0.0,0.0,0.0,12.0,
7_tejaswinee#SC_3_motion_3.mp4 #1.0#191.0,1.0,0.0,0.0,0.0,0.0,0.0,14.0,15.0,288.0,0.0,0.0,1.0,0.0,0.0,0.0,0.0,14.0,245.0,0.0,0.0,0.0,0.0,0.0,0.0,0.0,14.0,207.0,1.0,0.0,0.0,0.0,0.0,1.0,0.0,14.0,198.0,1.0,1.0,0.0,0.0,0.0,0.0,0.0,13.0,236.0,0.0,0.0,0.0,0.0,0.0,0.0,2.0,12.0,283.0,0.0,0.0,0.0,0.0,0.0,0.0,0.0,14.0,212.0,
7_tejaswinee#SC_3_motion_5.mp4 #1.0#20.0,7.0,0.0,0.0,1.0,0.0,0.0,0.0,0.0,57.0,9.0,0.0,0.0,0.0,0.0,0.0,0.0,0.0,48.0,8.0,0.0,0.0,0.0,0.0,0.0,0.0,0.0,28.0,8.0,0.0,0.0,0.0,0.0,1.0,0.0,0.0,33.0,9.0,0.0,1.0,0.0,0.0,0.0,0.0,1.0,41.0,8.0,0.0,0.0,0.0,0.0,0.0,1.0,0.0,52.0,7.0,8.0,0.0,0.0,0.0,0.0,0.0,0.0,29.0,
7_tejaswinee#SD_MixedMotion_3.mp4 #0.0#0.0,0.0,0.0,0.0,0.0,0.0,0.0,0.0,0.0,57.0,1.0,0.0,0.0,0.0,0.0,0.0,0.0,2.0,33.0,1.0,0.0,0.0,0.0,0.0,0.0,0.0,2.0,25.0,1.0,0.0,0.0,0.0,0.0,0.0,0.0,2.0,15.0,1.0,0.0,0.0,0.0,0.0,0.0,0.0,2.0,26.0,1.0,0.0,0.0,0.0,0.0,0.0,0.0,1.0,34.0,1.0,0.0,0.0,0.0,0.0,0.0,0.0,1.0,10.0,
7_tejaswinee#SD_MixedMotion_4.mp4 #0.0#0.0,0.0,0.0,0.0,0.0,0.0,0.0,0.0,0.0,40.0,1.0,0.0,0.0,0.0,0.0,0.0,0.0,1.0,22.0,1.0,1.0,0.0,0.0,0.0,0.0,0.0,1.0,39.0,2.0,0.0,0.0,0.0,0.0,0.0,1.0,3.0,45.0,2.0,0.0,0.0,0.0,0.0,0.0,0.0,1.0,17.0,2.0,0.0,0.0,0.0,0.0,0.0,1.0,1.0,26.0,1.0,0.0,0.0,0.0,0.0,0.0,0.0,1.0,14.0,
7_tejaswinee#SD_MixedMotion_5.mp4 #0.0#51.0,2.0,0.0,0.0,0.0,0.0,0.0,0.0,2.0,14.0,0.0,0.0,0.0,0.0,0.0,0.0,0.0,1.0,41.0,1.0,0.0,0.0,0.0,0.0,0.0,0.0,1.0,30.0,1.0,0.0,0.0,0.0,0.0,0.0,0.0,1.0,26.0,1.0,0.0,0.0,0.0,0.0,0.0,0.0,0.0,13.0,1.0,0.0,0.0,0.0,0.0,0.0,1.0,0.0,2.0,1.0,0.0,0.0,0.0,0.0,0.0,0.0,1.0,4.0,
8_mihir#SC_2_motion_10.mp4 #0.0#29.0,0.0,0.0,0.0,1.0,0.0,0.0,3.0,4.0,37.0,0.0,0.0,0.0,0.0,0.0,0.0,0.0,4.0,7.0,0.0,0.0,0.0,0.0,0.0,0.0,0.0,3.0,10.0,0.0,0.0,0.0,0.0,0.0,0.0,0.0,3.0,24.0,0.0,0.0,1.0,0.0,0.0,0.0,0.0,4.0,40.0,0.0,0.0,0.0,0.0,0.0,0.0,0.0,4.0,7.0,0.0,0.0,0.0,0.0,0.0,0.0,0.0,4.0,5.0,
8_mihir#SE_2_motion_17.mp4 #0.0#0.0,0.0,0.0,0.0,0.0,0.0,0.0,0.0,0.0,30.0,1.0,0.0,0.0,0.0,0.0,0.0,0.0,1.0,8.0,0.0,1.0,0.0,0.0,0.0,0.0,0.0,0.0,24.0,1.0,0.0,0.0,0.0,0.0,0.0,0.0,2.0,17.0,0.0,0.0,0.0,0.0,0.0,0.0,0.0,0.0,0.0,0.0,0.0,0.0,0.0,0.0,0.0,0.0,0.0,0.0,0.0,0.0,0.0,0.0,0.0,0.0,0.0,0.0,0.0,
8_mihir#SA_2_motion_29.mp4 #0.0#0.0,0.0,0.0,0.0,0.0,0.0,0.0,0.0,0.0,0.0,0.0,0.0,0.0,0.0,0.0,0.0,0.0,0.0,12.0,0.0,0.0,0.0,0.0,0.0,0.0,0.0,1.0,47.0,0.0,0.0,0.0,0.0,0.0,0.0,0.0,1.0,62.0,0.0,0.0,0.0,0.0,0.0,0.0,0.0,1.0,10.0,0.0,0.0,0.0,0.0,0.0,0.0,0.0,1.0,4.0,0.0,0.0,0.0,0.0,0.0,0.0,0.0,0.0,0.0,
8_mihir#SB_3_motion_20.mp4 #0.0#49.0,1.0,1.0,0.0,0.0,0.0,0.0,0.0,2.0,14.0,0.0,0.0,0.0,0.0,0.0,0.0,0.0,0.0,14.0,2.0,0.0,0.0,0.0,0.0,0.0,0.0,1.0,59.0,1.0,0.0,0.0,0.0,0.0,0.0,0.0,0.0,61.0,1.0,0.0,0.0,0.0,0.0,0.0,0.0,0.0,7.0,1.0,0.0,0.0,0.0,0.0,0.0,0.0,0.0,8.0,1.0,0.0,0.0,0.0,0.0,0.0,0.0,0.0,105.0,
8_mihir#SA_3_motion_21.mp4 #1.0#0.0,0.0,0.0,0.0,0.0,0.0,0.0,0.0,0.0,33.0,1.0,0.0,0.0,0.0,0.0,0.0,0.0,1.0,6.0,0.0,1.0,0.0,0.0,0.0,0.0,0.0,0.0,0.0,0.0,0.0,0.0,0.0,0.0,0.0,0.0,0.0,0.0,0.0,0.0,0.0,0.0,0.0,0.0,0.0,0.0,0.0,0.0,0.0,0.0,0.0,0.0,0.0,0.0,0.0,0.0,0.0,0.0,0.0,0.0,0.0,0.0,0.0,0.0,0.0,
8_mihir#SC_Circle_CW_ACW.mp4 #0.0#162.0,2.0,0.0,0.0,0.0,0.0,0.0,2.0,0.0,49.0,2.0,0.0,0.0,0.0,1.0,0.0,0.0,1.0,84.0,2.0,0.0,0.0,0.0,0.0,0.0,0.0,2.0,115.0,2.0,0.0,0.0,0.0,1.0,0.0,0.0,2.0,159.0,1.0,0.0,0.0,1.0,0.0,0.0,0.0,2.0,57.0,0.0,0.0,0.0,0.0,0.0,0.0,0.0,2.0,78.0,2.0,2.0,0.0,0.0,0.0,0.0,0.0,2.0,107.0,
8_mihir#SD_MixedMotion_2.mp4 #0.0#113.0,1.0,0.0,0.0,0.0,0.0,0.0,0.0,1.0,39.0,0.0,0.0,0.0,0.0,0.0,0.0,0.0,1.0,17.0,0.0,0.0,0.0,0.0,0.0,0.0,0.0,0.0,0.0,0.0,0.0,0.0,0.0,0.0,0.0,0.0,0.0,0.0,0.0,0.0,0.0,0.0,0.0,0.0,0.0,0.0,0.0,0.0,0.0,0.0,0.0,0.0,0.0,0.0,0.0,0.0,0.0,0.0,0.0,0.0,0.0,0.0,0.0,0.0,0.0,
7_jobin#SC_2_Motion_8.mp4 #0.0#80.0,3.0,0.0,0.0,0.0,0.0,0.0,0.0,0.0,110.0,3.0,0.0,0.0,0.0,0.0,0.0,0.0,0.0,82.0,4.0,0.0,0.0,0.0,0.0,0.0,0.0,0.0,106.0,4.0,0.0,0.0,0.0,0.0,0.0,1.0,0.0,121.0,3.0,0.0,0.0,0.0,0.0,0.0,0.0,0.0,43.0,5.0,0.0,0.0,0.0,0.0,0.0,0.0,1.0,153.0,3.0,3.0,0.0,0.0,0.0,0.0,0.0,0.0,127.0,
7_jobin#SC_3_motion_2.mp4 #1.0#76.0,0.0,0.0,0.0,0.0,0.0,0.0,2.0,2.0,9.0,0.0,0.0,0.0,0.0,0.0,0.0,0.0,2.0,8.0,0.0,1.0,0.0,0.0,0.0,0.0,0.0,3.0,30.0,0.0,0.0,0.0,0.0,0.0,0.0,0.0,3.0,78.0,0.0,0.0,0.0,0.0,0.0,0.0,0.0,1.0,10.0,0.0,0.0,0.0,0.0,0.0,0.0,0.0,2.0,10.0,0.0,0.0,0.0,0.0,0.0,0.0,0.0,2.0,32.0,
7_jobin#SC_3_motion_3.mp4 #0.0#40.0,0.0,0.0,0.0,1.0,0.0,0.0,2.0,2.0,60.0,0.0,0.0,0.0,0.0,0.0,0.0,0.0,2.0,43.0,0.0,0.0,0.0,0.0,0.0,0.0,0.0,2.0,34.0,0.0,0.0,0.0,0.0,1.0,0.0,0.0,2.0,54.0,0.0,0.0,0.0,0.0,0.0,0.0,0.0,2.0,68.0,0.0,0.0,0.0,0.0,0.0,0.0,0.0,2.0,45.0,0.0,0.0,0.0,0.0,0.0,0.0,0.0,2.0,46.0,
7_jobin#SC_3_motion_5.mp4 #0.0#11.0,0.0,0.0,0.0,0.0,0.0,0.0,2.0,2.0,28.0,0.0,0.0,0.0,0.0,0.0,0.0,0.0,2.0,11.0,0.0,0.0,0.0,0.0,0.0,0.0,0.0,2.0,16.0,0.0,0.0,0.0,0.0,0.0,0.0,0.0,2.0,20.0,0.0,0.0,0.0,0.0,0.0,0.0,0.0,2.0,20.0,0.0,0.0,0.0,0.0,0.0,0.0,0.0,1.0,25.0,0.0,0.0,0.0,0.0,0.0,0.0,0.0,2.0,16.0,
7_jobin#SD_MixedMotion_3.mp4 #0.0#18.0,1.0,0.0,0.0,0.0,0.0,0.0,0.0,1.0,56.0,1.0,0.0,0.0,0.0,0.0,0.0,0.0,1.0,8.0,1.0,1.0,0.0,0.0,0.0,0.0,0.0,1.0,15.0,1.0,0.0,0.0,0.0,0.0,0.0,1.0,1.0,30.0,1.0,0.0,0.0,0.0,0.0,0.0,0.0,1.0,10.0,1.0,0.0,0.0,0.0,0.0,0.0,0.0,1.0,32.0,1.0,0.0,0.0,0.0,0.0,0.0,0.0,1.0,18.0,
7_jobin#SD_MixedMotion_4.mp4 #0.0#0.0,0.0,0.0,0.0,0.0,0.0,0.0,0.0,0.0,73.0,1.0,0.0,0.0,0.0,0.0,0.0,0.0,1.0,12.0,1.0,0.0,0.0,0.0,0.0,0.0,0.0,1.0,49.0,2.0,0.0,0.0,0.0,0.0,0.0,0.0,3.0,59.0,1.0,0.0,1.0,0.0,0.0,0.0,0.0,1.0,18.0,1.0,0.0,0.0,0.0,0.0,0.0,0.0,1.0,45.0,1.0,0.0,0.0,0.0,0.0,1.0,0.0,1.0,15.0,
7_jobin#SD_MixedMotion_5.mp4 #0.0#9.0,0.0,0.0,0.0,0.0,0.0,0.0,1.0,1.0,40.0,1.0,0.0,0.0,0.0,0.0,0.0,0.0,1.0,40.0,1.0,0.0,0.0,0.0,0.0,0.0,0.0,1.0,27.0,1.0,0.0,0.0,0.0,0.0,0.0,0.0,0.0,11.0,1.0,0.0,0.0,0.0,0.0,0.0,0.0,0.0,25.0,1.0,0.0,0.0,0.0,0.0,1.0,0.0,0.0,10.0,0.0,0.0,0.0,0.0,0.0,0.0,0.0,0.0,2.0,
8_surya#SA_2_motion_29.mp4 #0.0#0.0,0.0,0.0,0.0,0.0,0.0,0.0,0.0,0.0,0.0,0.0,0.0,0.0,0.0,0.0,0.0,0.0,0.0,24.0,2.0,0.0,0.0,0.0,0.0,0.0,0.0,2.0,14.0,0.0,0.0,0.0,0.0,0.0,0.0,0.0,1.0,30.0,0.0,0.0,0.0,0.0,0.0,0.0,0.0,1.0,12.0,0.0,0.0,0.0,0.0,0.0,0.0,0.0,1.0,3.0,0.0,0.0,0.0,0.0,0.0,0.0,0.0,0.0,0.0,
8_surya#SA_3_motion_21.mp4 #0.0#0.0,0.0,0.0,0.0,0.0,0.0,0.0,0.0,0.0,27.0,1.0,0.0,0.0,0.0,0.0,0.0,0.0,0.0,23.0,0.0,0.0,0.0,0.0,0.0,0.0,0.0,0.0,0.0,0.0,0.0,0.0,0.0,0.0,0.0,0.0,0.0,0.0,0.0,0.0,0.0,0.0,0.0,0.0,0.0,0.0,0.0,0.0,0.0,0.0,0.0,0.0,0.0,0.0,0.0,0.0,0.0,0.0,0.0,0.0,0.0,0.0,0.0,0.0,0.0,
8_surya#SB_3_motion_20.mp4 #0.0#86.0,0.0,0.0,0.0,1.0,0.0,0.0,0.0,0.0,0.0,0.0,0.0,0.0,0.0,0.0,0.0,0.0,0.0,0.0,0.0,0.0,0.0,0.0,0.0,0.0,0.0,0.0,58.0,1.0,0.0,0.0,0.0,0.0,0.0,0.0,1.0,37.0,0.0,1.0,0.0,0.0,0.0,0.0,0.0,0.0,0.0,0.0,0.0,0.0,0.0,0.0,0.0,0.0,0.0,49.0,1.0,0.0,0.0,0.0,0.0,0.0,0.0,0.0,2.0,
8_surya#SC_2_motion_10.mp4 #1.0#55.0,3.0,0.0,0.0,0.0,0.0,0.0,0.0,0.0,14.0,3.0,0.0,0.0,0.0,0.0,0.0,0.0,0.0,3.0,1.0,1.0,0.0,0.0,0.0,0.0,0.0,0.0,1.0,1.0,0.0,0.0,0.0,0.0,0.0,0.0,0.0,14.0,2.0,0.0,0.0,0.0,0.0,0.0,0.0,0.0,4.0,2.0,0.0,0.0,0.0,0.0,0.0,0.0,0.0,8.0,3.0,3.0,0.0,0.0,0.0,0.0,0.0,0.0,53.0,
8_surya#SC_Circle_CW_ACW.mp4 #0.0#66.0,1.0,0.0,0.0,0.0,0.0,0.0,0.0,0.0,23.0,2.0,0.0,0.0,0.0,0.0,0.0,0.0,1.0,11.0,1.0,0.0,0.0,0.0,0.0,0.0,0.0,0.0,19.0,1.0,0.0,0.0,0.0,0.0,0.0,0.0,0.0,53.0,1.0,0.0,0.0,0.0,0.0,0.0,0.0,0.0,4.0,1.0,0.0,0.0,0.0,0.0,0.0,0.0,0.0,8.0,1.0,2.0,0.0,0.0,0.0,0.0,0.0,0.0,30.0,
8_surya#SD_MixedMotion_2.mp4 #0.0#118.0,1.0,0.0,0.0,0.0,0.0,0.0,0.0,1.0,46.0,0.0,0.0,0.0,0.0,0.0,0.0,0.0,0.0,0.0,0.0,0.0,0.0,0.0,0.0,0.0,0.0,0.0,0.0,0.0,0.0,0.0,0.0,0.0,0.0,0.0,0.0,0.0,0.0,0.0,0.0,0.0,0.0,0.0,0.0,0.0,0.0,0.0,0.0,0.0,0.0,0.0,0.0,0.0,0.0,0.0,0.0,0.0,0.0,0.0,0.0,0.0,0.0,0.0,0.0,
8_surya#SD_MixedMotion_6.mp4 #0.0#97.0,0.0,0.0,0.0,0.0,0.0,0.0,6.0,6.0,53.0,0.0,0.0,0.0,0.0,0.0,0.0,0.0,6.0,43.0,0.0,0.0,0.0,0.0,0.0,0.0,0.0,6.0,46.0,0.0,0.0,0.0,0.0,0.0,0.0,0.0,6.0,81.0,0.0,0.0,0.0,0.0,0.0,0.0,0.0,6.0,66.0,0.0,0.0,0.0,0.0,0.0,0.0,0.0,6.0,34.0,0.0,0.0,0.0,0.0,0.0,0.0,0.0,6.0,37.0,
8_surya#SE_2_motion_17.mp4 #0.0#0.0,0.0,0.0,0.0,0.0,0.0,0.0,0.0,0.0,4.0,1.0,1.0,0.0,0.0,0.0,0.0,0.0,1.0,34.0,0.0,0.0,0.0,0.0,0.0,1.0,0.0,0.0,10.0,1.0,0.0,0.0,0.0,0.0,0.0,0.0,1.0,24.0,0.0,0.0,0.0,0.0,0.0,0.0,0.0,0.0,0.0,0.0,0.0,0.0,0.0,0.0,0.0,0.0,0.0,0.0,0.0,0.0,0.0,0.0,0.0,0.0,0.0,0.0,0.0,
6_kochi#SA_2_motion_27.mp4 #0.0#0.0,0.0,0.0,0.0,0.0,0.0,0.0,0.0,0.0,0.0,0.0,0.0,0.0,0.0,0.0,0.0,0.0,0.0,0.0,0.0,0.0,0.0,0.0,0.0,0.0,0.0,0.0,17.0,1.0,0.0,0.0,0.0,0.0,0.0,0.0,0.0,56.0,1.0,0.0,0.0,0.0,0.0,0.0,0.0,0.0,50.0,1.0,0.0,0.0,0.0,0.0,0.0,0.0,0.0,5.0,0.0,0.0,0.0,0.0,0.0,0.0,0.0,0.0,0.0,
6_kochi#SA_3_motion_29.mp4 #1.0#0.0,0.0,0.0,0.0,0.0,0.0,0.0,0.0,0.0,0.0,0.0,0.0,0.0,0.0,0.0,0.0,0.0,0.0,0.0,0.0,0.0,0.0,0.0,0.0,0.0,0.0,0.0,0.0,0.0,0.0,0.0,0.0,0.0,0.0,0.0,0.0,0.0,0.0,0.0,0.0,0.0,0.0,0.0,0.0,0.0,0.0,0.0,0.0,0.0,0.0,0.0,0.0,0.0,0.0,57.0,0.0,0.0,0.0,0.0,0.0,0.0,0.0,0.0,0.0,
6_kochi#SB_2_motion_19.mp4 #0.0#0.0,0.0,0.0,0.0,0.0,0.0,0.0,0.0,0.0,0.0,0.0,0.0,0.0,0.0,0.0,0.0,0.0,0.0,0.0,0.0,0.0,0.0,0.0,0.0,0.0,0.0,0.0,0.0,0.0,0.0,0.0,0.0,0.0,0.0,0.0,0.0,0.0,0.0,0.0,0.0,0.0,0.0,0.0,0.0,0.0,0.0,0.0,0.0,0.0,0.0,0.0,0.0,0.0,0.0,96.0,0.0,0.0,0.0,0.0,0.0,0.0,0.0,1.0,1.0,
6_kochi#SB_3_motion_14.mp4 #0.0#42.0,1.0,0.0,0.0,0.0,0.0,0.0,0.0,0.0,6.0,1.0,0.0,0.0,0.0,0.0,0.0,0.0,1.0,4.0,1.0,0.0,0.0,0.0,0.0,0.0,0.0,1.0,54.0,0.0,0.0,0.0,0.0,0.0,0.0,0.0,0.0,54.0,0.0,1.0,0.0,0.0,0.0,0.0,0.0,1.0,4.0,0.0,0.0,0.0,0.0,0.0,0.0,0.0,0.0,12.0,1.0,1.0,0.0,0.0,0.0,0.0,0.0,0.0,45.0,
6_kochi#SB_PoolShot_3.mp4 #0.0#8.0,1.0,0.0,1.0,0.0,0.0,0.0,1.0,2.0,125.0,0.0,0.0,0.0,0.0,0.0,0.0,0.0,0.0,0.0,0.0,0.0,0.0,0.0,0.0,0.0,0.0,0.0,64.0,1.0,0.0,0.0,0.0,0.0,0.0,0.0,0.0,16.0,1.0,0.0,0.0,0.0,0.0,0.0,0.0,1.0,81.0,0.0,0.0,0.0,0.0,0.0,0.0,0.0,0.0,70.0,1.0,1.0,0.0,0.0,0.0,0.0,0.0,1.0,8.0,
6_kochi#SC_3_motion_3.mp4 #0.0#50.0,0.0,0.0,0.0,0.0,0.0,0.0,2.0,2.0,35.0,0.0,0.0,0.0,0.0,0.0,0.0,0.0,2.0,54.0,0.0,0.0,0.0,0.0,0.0,0.0,0.0,2.0,39.0,0.0,0.0,0.0,0.0,0.0,0.0,0.0,2.0,64.0,0.0,1.0,0.0,0.0,0.0,0.0,0.0,2.0,41.0,0.0,0.0,0.0,0.0,0.0,0.0,1.0,2.0,44.0,0.0,0.0,0.0,0.0,0.0,0.0,0.0,2.0,60.0,
6_kochi#SC_3_motion_8.mp4 #1.0#6.0,0.0,0.0,0.0,0.0,0.0,1.0,4.0,5.0,15.0,0.0,0.0,0.0,0.0,0.0,0.0,0.0,5.0,55.0,0.0,0.0,0.0,0.0,0.0,0.0,0.0,5.0,53.0,1.0,0.0,0.0,0.0,0.0,0.0,0.0,6.0,45.0,0.0,0.0,0.0,0.0,0.0,0.0,0.0,6.0,53.0,0.0,0.0,0.0,0.0,0.0,0.0,0.0,5.0,19.0,0.0,0.0,0.0,0.0,0.0,0.0,0.0,4.0,7.0,
6_kochi#SD_MixedMotion_10.mp4 #0.0#57.0,2.0,0.0,0.0,0.0,0.0,0.0,1.0,2.0,44.0,1.0,0.0,0.0,0.0,0.0,0.0,0.0,1.0,68.0,1.0,0.0,0.0,0.0,0.0,0.0,0.0,1.0,33.0,1.0,0.0,0.0,0.0,0.0,0.0,0.0,1.0,11.0,1.0,0.0,0.0,0.0,0.0,0.0,0.0,1.0,56.0,1.0,0.0,0.0,0.0,0.0,0.0,0.0,1.0,9.0,0.0,1.0,0.0,0.0,0.0,1.0,0.0,0.0,11.0,
8_pruthwik#SA_2_motion_29.mp4 #0.0#38.0,0.0,0.0,0.0,0.0,0.0,0.0,1.0,1.0,18.0,0.0,0.0,0.0,0.0,0.0,0.0,0.0,1.0,15.0,1.0,0.0,0.0,0.0,0.0,0.0,0.0,2.0,19.0,0.0,0.0,0.0,0.0,0.0,0.0,0.0,1.0,65.0,0.0,0.0,0.0,0.0,0.0,0.0,0.0,1.0,0.0,0.0,0.0,0.0,0.0,0.0,0.0,0.0,0.0,3.0,0.0,0.0,0.0,0.0,0.0,0.0,0.0,1.0,14.0,
8_pruthwik#SA_3_motion_21.mp4 #0.0#0.0,0.0,0.0,0.0,0.0,0.0,0.0,0.0,0.0,5.0,1.0,0.0,0.0,0.0,0.0,0.0,0.0,0.0,56.0,0.0,0.0,0.0,0.0,0.0,0.0,0.0,0.0,0.0,0.0,0.0,0.0,0.0,0.0,0.0,0.0,0.0,0.0,0.0,0.0,0.0,0.0,0.0,0.0,0.0,0.0,0.0,0.0,0.0,0.0,0.0,0.0,0.0,0.0,0.0,0.0,0.0,0.0,0.0,0.0,0.0,0.0,0.0,0.0,0.0,
8_pruthwik#SB_3_motion_20.mp4 #0.0#0.0,0.0,0.0,0.0,0.0,0.0,0.0,0.0,0.0,73.0,0.0,0.0,1.0,0.0,0.0,0.0,0.0,0.0,1.0,1.0,0.0,0.0,0.0,0.0,0.0,0.0,0.0,46.0,1.0,0.0,0.0,0.0,0.0,0.0,1.0,0.0,44.0,1.0,0.0,0.0,0.0,0.0,0.0,0.0,0.0,3.0,1.0,0.0,0.0,0.0,0.0,0.0,0.0,1.0,2.0,1.0,0.0,0.0,0.0,0.0,0.0,0.0,1.0,57.0,
8_pruthwik#SC_2_motion_10.mp4 #0.0#40.0,5.0,0.0,0.0,0.0,0.0,0.0,0.0,1.0,40.0,3.0,0.0,1.0,0.0,0.0,0.0,0.0,0.0,19.0,2.0,0.0,0.0,0.0,1.0,0.0,0.0,0.0,14.0,1.0,0.0,0.0,1.0,0.0,0.0,0.0,0.0,4.0,1.0,0.0,1.0,0.0,0.0,0.0,0.0,0.0,0.0,1.0,0.0,0.0,0.0,0.0,0.0,0.0,0.0,2.0,1.0,4.0,0.0,0.0,0.0,0.0,0.0,0.0,88.0,
8_pruthwik#SC_Circle_CW_ACW.mp4 #0.0#97.0,2.0,0.0,0.0,0.0,0.0,0.0,0.0,1.0,46.0,3.0,0.0,0.0,0.0,0.0,0.0,0.0,2.0,34.0,1.0,1.0,1.0,0.0,0.0,0.0,0.0,2.0,62.0,0.0,0.0,0.0,1.0,0.0,0.0,0.0,2.0,127.0,0.0,1.0,0.0,0.0,0.0,0.0,0.0,2.0,8.0,0.0,0.0,0.0,0.0,0.0,0.0,0.0,1.0,11.0,1.0,2.0,0.0,0.0,0.0,0.0,0.0,0.0,74.0,
8_pruthwik#SD_MixedMotion_2.mp4 #0.0#115.0,2.0,0.0,0.0,0.0,0.0,0.0,0.0,2.0,29.0,0.0,0.0,0.0,0.0,0.0,0.0,0.0,0.0,0.0,0.0,0.0,0.0,0.0,0.0,0.0,0.0,0.0,0.0,0.0,0.0,0.0,0.0,0.0,0.0,0.0,0.0,0.0,0.0,0.0,0.0,0.0,0.0,0.0,0.0,0.0,0.0,0.0,0.0,0.0,0.0,0.0,0.0,0.0,0.0,0.0,0.0,1.0,0.0,0.0,0.0,0.0,0.0,0.0,17.0,
8_prateek#SA_2_motion_29.mp4 #0.0#0.0,0.0,0.0,0.0,0.0,0.0,0.0,0.0,0.0,3.0,0.0,0.0,0.0,0.0,0.0,0.0,0.0,1.0,20.0,0.0,0.0,0.0,0.0,0.0,0.0,0.0,1.0,40.0,0.0,0.0,0.0,0.0,0.0,0.0,0.0,1.0,45.0,0.0,0.0,0.0,0.0,0.0,0.0,0.0,0.0,0.0,0.0,0.0,0.0,0.0,0.0,0.0,0.0,0.0,0.0,0.0,0.0,0.0,0.0,0.0,0.0,0.0,0.0,0.0,
8_prateek#SA_2_motion_30.mp4 #0.0#0.0,0.0,0.0,0.0,0.0,0.0,0.0,0.0,0.0,0.0,0.0,0.0,0.0,0.0,0.0,0.0,0.0,0.0,19.0,0.0,0.0,0.0,0.0,0.0,0.0,0.0,1.0,81.0,0.0,0.0,0.0,0.0,0.0,0.0,0.0,1.0,17.0,0.0,0.0,0.0,0.0,0.0,0.0,0.0,0.0,0.0,0.0,0.0,0.0,0.0,0.0,0.0,0.0,0.0,0.0,0.0,0.0,0.0,0.0,0.0,0.0,0.0,0.0,0.0,
8_prateek#SA_3_motion_21.mp4 #1.0#0.0,0.0,0.0,0.0,0.0,0.0,0.0,0.0,0.0,0.0,0.0,0.0,0.0,0.0,0.0,0.0,0.0,0.0,62.0,0.0,1.0,0.0,0.0,0.0,0.0,0.0,0.0,0.0,0.0,0.0,0.0,0.0,0.0,0.0,0.0,0.0,0.0,0.0,0.0,0.0,0.0,0.0,0.0,0.0,0.0,0.0,0.0,0.0,0.0,0.0,0.0,0.0,0.0,0.0,0.0,0.0,0.0,0.0,0.0,0.0,0.0,0.0,0.0,0.0,
8_prateek#SB_3_motion_20.mp4 #0.0#25.0,1.0,0.0,0.0,1.0,0.0,0.0,0.0,2.0,34.0,0.0,1.0,0.0,0.0,0.0,0.0,0.0,1.0,7.0,0.0,0.0,0.0,0.0,0.0,0.0,0.0,1.0,53.0,1.0,0.0,0.0,0.0,0.0,0.0,0.0,1.0,60.0,1.0,0.0,0.0,0.0,0.0,0.0,0.0,0.0,2.0,1.0,0.0,0.0,0.0,0.0,0.0,0.0,0.0,6.0,1.0,0.0,0.0,0.0,0.0,0.0,0.0,1.0,42.0,
8_prateek#SC_2_motion_10.mp4 #1.0#30.0,5.0,0.0,0.0,1.0,0.0,0.0,0.0,0.0,57.0,5.0,0.0,0.0,0.0,0.0,0.0,0.0,0.0,14.0,3.0,3.0,0.0,0.0,0.0,0.0,0.0,0.0,4.0,3.0,0.0,0.0,0.0,1.0,0.0,1.0,0.0,4.0,6.0,0.0,0.0,0.0,0.0,0.0,0.0,1.0,8.0,6.0,0.0,0.0,0.0,0.0,0.0,0.0,0.0,67.0,6.0,5.0,0.0,0.0,0.0,0.0,0.0,0.0,54.0,
8_prateek#SC_Circle_CW_ACW.mp4 #0.0#73.0,1.0,0.0,0.0,0.0,0.0,0.0,1.0,1.0,23.0,1.0,0.0,0.0,0.0,0.0,0.0,0.0,0.0,44.0,1.0,0.0,0.0,0.0,0.0,0.0,0.0,1.0,50.0,1.0,0.0,0.0,0.0,0.0,0.0,0.0,1.0,84.0,1.0,0.0,0.0,0.0,1.0,0.0,0.0,1.0,23.0,0.0,0.0,0.0,0.0,0.0,0.0,0.0,1.0,27.0,1.0,1.0,0.0,0.0,0.0,0.0,0.0,1.0,74.0,
8_prateek#SD_MixedMotion_2.mp4 #0.0#103.0,1.0,0.0,0.0,0.0,0.0,0.0,0.0,1.0,31.0,1.0,0.0,0.0,0.0,0.0,0.0,0.0,0.0,13.0,1.0,0.0,0.0,0.0,0.0,0.0,0.0,0.0,12.0,1.0,0.0,0.0,0.0,0.0,0.0,0.0,0.0,14.0,1.0,0.0,0.0,0.0,0.0,0.0,0.0,0.0,11.0,1.0,0.0,0.0,0.0,0.0,0.0,0.0,0.0,0.0,0.0,0.0,0.0,0.0,0.0,0.0,0.0,0.0,0.0,
8_prateek#SD_MixedMotion_6.mp4 #0.0#109.0,0.0,0.0,0.0,0.0,0.0,0.0,12.0,12.0,67.0,0.0,0.0,1.0,0.0,0.0,0.0,0.0,12.0,82.0,1.0,1.0,0.0,0.0,0.0,0.0,0.0,14.0,84.0,1.0,0.0,0.0,0.0,0.0,1.0,0.0,14.0,133.0,0.0,2.0,0.0,0.0,0.0,0.0,0.0,12.0,113.0,1.0,0.0,0.0,0.0,0.0,0.0,1.0,13.0,41.0,0.0,0.0,0.0,0.0,0.0,1.0,0.0,11.0,95.0,
8_prateek#SE_2_motion_17.mp4 #0.0#26.0,0.0,0.0,0.0,0.0,0.0,0.0,1.0,0.0,27.0,1.0,0.0,0.0,0.0,0.0,0.0,0.0,1.0,24.0,0.0,1.0,0.0,0.0,0.0,0.0,0.0,0.0,18.0,0.0,1.0,0.0,0.0,0.0,0.0,0.0,1.0,50.0,0.0,0.0,1.0,0.0,0.0,0.0,0.0,0.0,37.0,1.0,0.0,0.0,0.0,0.0,0.0,1.0,0.0,1.0,0.0,1.0,0.0,0.0,0.0,0.0,0.0,1.0,37.0,
6_ridhhiman#SA_2_motion_11.mp4 #0.0#71.0,0.0,0.0,0.0,0.0,0.0,0.0,1.0,0.0,0.0,0.0,0.0,0.0,0.0,0.0,0.0,0.0,0.0,0.0,0.0,0.0,0.0,0.0,0.0,0.0,0.0,0.0,0.0,0.0,0.0,0.0,0.0,0.0,0.0,0.0,0.0,0.0,0.0,0.0,0.0,0.0,0.0,0.0,0.0,0.0,0.0,0.0,0.0,0.0,0.0,0.0,0.0,0.0,0.0,0.0,0.0,1.0,0.0,0.0,0.0,0.0,0.0,0.0,18.0,
6_ridhhiman#SA_2_motion_27.mp4 #0.0#0.0,0.0,0.0,0.0,0.0,0.0,0.0,0.0,0.0,0.0,0.0,0.0,0.0,0.0,0.0,0.0,0.0,0.0,0.0,0.0,0.0,0.0,0.0,0.0,0.0,0.0,0.0,11.0,1.0,0.0,0.0,0.0,0.0,0.0,0.0,0.0,57.0,1.0,0.0,0.0,0.0,0.0,0.0,0.0,0.0,45.0,1.0,0.0,0.0,0.0,0.0,0.0,0.0,0.0,15.0,0.0,0.0,0.0,0.0,0.0,0.0,0.0,0.0,0.0,
6_ridhhiman#SA_3_motion_29.mp4 #0.0#0.0,0.0,0.0,0.0,0.0,0.0,0.0,0.0,0.0,0.0,0.0,0.0,0.0,0.0,0.0,0.0,0.0,0.0,0.0,0.0,0.0,0.0,0.0,0.0,0.0,0.0,0.0,52.0,0.0,0.0,0.0,0.0,0.0,0.0,0.0,1.0,49.0,0.0,0.0,0.0,0.0,0.0,0.0,0.0,0.0,0.0,0.0,0.0,0.0,0.0,0.0,0.0,0.0,0.0,0.0,0.0,0.0,0.0,0.0,0.0,0.0,0.0,0.0,0.0,
6_ridhhiman#SB_2_motion_19.mp4 #0.0#0.0,0.0,0.0,0.0,0.0,0.0,0.0,0.0,0.0,0.0,0.0,0.0,0.0,0.0,0.0,0.0,0.0,0.0,0.0,0.0,0.0,0.0,0.0,0.0,0.0,0.0,0.0,0.0,0.0,0.0,0.0,0.0,0.0,0.0,0.0,0.0,0.0,0.0,0.0,0.0,0.0,0.0,0.0,0.0,0.0,0.0,0.0,0.0,0.0,0.0,0.0,0.0,0.0,0.0,113.0,0.0,0.0,0.0,0.0,0.0,0.0,0.0,1.0,28.0,
6_ridhhiman#SB_3_motion_14.mp4 #0.0#66.0,1.0,0.0,0.0,0.0,0.0,0.0,0.0,0.0,1.0,1.0,0.0,0.0,0.0,0.0,0.0,0.0,0.0,91.0,0.0,0.0,0.0,0.0,0.0,0.0,0.0,0.0,0.0,0.0,0.0,0.0,0.0,0.0,0.0,0.0,0.0,98.0,2.0,0.0,0.0,0.0,0.0,0.0,0.0,0.0,2.0,1.0,1.0,0.0,0.0,0.0,0.0,0.0,0.0,2.0,1.0,1.0,0.0,0.0,0.0,1.0,0.0,0.0,73.0,
6_ridhhiman#SB_PoolShot_3.mp4 #0.0#1.0,1.0,0.0,0.0,1.0,0.0,0.0,0.0,1.0,183.0,0.0,0.0,0.0,1.0,1.0,0.0,0.0,0.0,0.0,0.0,0.0,0.0,0.0,0.0,0.0,1.0,0.0,0.0,0.0,0.0,0.0,0.0,0.0,1.0,0.0,1.0,123.0,0.0,0.0,0.0,0.0,0.0,0.0,0.0,0.0,25.0,0.0,0.0,0.0,0.0,0.0,0.0,1.0,0.0,89.0,0.0,0.0,0.0,0.0,0.0,0.0,0.0,0.0,0.0,
6_ridhhiman#SC_3_motion_3.mp4 #0.0#63.0,0.0,0.0,0.0,0.0,0.0,0.0,2.0,2.0,43.0,0.0,0.0,0.0,0.0,0.0,0.0,0.0,2.0,69.0,0.0,0.0,0.0,0.0,0.0,0.0,0.0,2.0,68.0,0.0,0.0,0.0,0.0,0.0,0.0,0.0,2.0,60.0,0.0,0.0,0.0,0.0,0.0,0.0,0.0,3.0,63.0,0.0,0.0,0.0,0.0,0.0,0.0,0.0,2.0,50.0,0.0,0.0,0.0,0.0,0.0,0.0,0.0,2.0,48.0,
6_ridhhiman#SC_3_motion_8.mp4 #0.0#54.0,4.0,0.0,0.0,0.0,0.0,0.0,0.0,0.0,23.0,4.0,0.0,1.0,0.0,0.0,0.0,0.0,0.0,17.0,2.0,2.0,0.0,0.0,0.0,0.0,0.0,0.0,12.0,4.0,0.0,0.0,0.0,0.0,1.0,0.0,2.0,11.0,4.0,0.0,0.0,0.0,0.0,0.0,0.0,0.0,7.0,4.0,0.0,0.0,0.0,0.0,0.0,0.0,0.0,21.0,5.0,5.0,0.0,0.0,0.0,0.0,0.0,0.0,80.0,
6_ridhhiman#SD_MixedMotion_10.mp4 #0.0#64.0,1.0,0.0,0.0,0.0,0.0,0.0,0.0,1.0,55.0,2.0,0.0,0.0,0.0,0.0,0.0,0.0,2.0,28.0,1.0,1.0,0.0,0.0,0.0,0.0,0.0,1.0,62.0,2.0,0.0,0.0,0.0,0.0,0.0,1.0,1.0,30.0,2.0,0.0,0.0,0.0,0.0,0.0,1.0,1.0,1.0,1.0,0.0,0.0,0.0,0.0,0.0,0.0,1.0,54.0,0.0,1.0,0.0,0.0,0.0,0.0,0.0,0.0,3.0,
7_akshita#SE_2_motion_16.mp4 #0.0#0.0,0.0,0.0,0.0,0.0,0.0,0.0,0.0,0.0,0.0,0.0,0.0,0.0,0.0,0.0,0.0,0.0,0.0,42.0,0.0,1.0,0.0,0.0,0.0,0.0,0.0,0.0,7.0,0.0,0.0,0.0,0.0,0.0,0.0,0.0,1.0,27.0,0.0,0.0,0.0,0.0,0.0,0.0,0.0,0.0,0.0,0.0,0.0,0.0,0.0,0.0,0.0,0.0,0.0,0.0,0.0,0.0,0.0,0.0,0.0,0.0,0.0,0.0,0.0,
7_akshita#SC_2_Motion_8.mp4 #0.0#93.0,4.0,0.0,0.0,0.0,0.0,0.0,0.0,0.0,176.0,4.0,0.0,0.0,0.0,0.0,0.0,0.0,0.0,85.0,8.0,0.0,0.0,0.0,0.0,0.0,0.0,4.0,81.0,4.0,0.0,0.0,0.0,0.0,0.0,0.0,0.0,171.0,4.0,0.0,0.0,0.0,0.0,0.0,0.0,0.0,111.0,4.0,0.0,0.0,0.0,0.0,0.0,0.0,0.0,125.0,4.0,4.0,0.0,0.0,0.0,0.0,0.0,0.0,128.0,
7_akshita#SC_3_motion_2.mp4 #0.0#6.0,0.0,0.0,0.0,0.0,0.0,0.0,3.0,2.0,46.0,0.0,0.0,0.0,0.0,0.0,0.0,0.0,2.0,95.0,0.0,0.0,0.0,0.0,0.0,0.0,0.0,3.0,9.0,1.0,0.0,0.0,0.0,1.0,0.0,0.0,3.0,13.0,0.0,0.0,0.0,0.0,0.0,0.0,0.0,2.0,37.0,0.0,0.0,0.0,0.0,0.0,0.0,0.0,2.0,87.0,0.0,0.0,0.0,0.0,0.0,1.0,0.0,2.0,8.0,
7_akshita#SC_3_motion_3.mp4 #0.0#95.0,0.0,0.0,0.0,0.0,0.0,0.0,3.0,3.0,73.0,0.0,0.0,0.0,0.0,0.0,0.0,0.0,3.0,45.0,0.0,0.0,0.0,0.0,0.0,0.0,0.0,3.0,96.0,1.0,0.0,0.0,0.0,0.0,0.0,0.0,3.0,74.0,0.0,0.0,1.0,0.0,0.0,0.0,0.0,3.0,72.0,0.0,0.0,0.0,0.0,0.0,0.0,0.0,3.0,55.0,0.0,0.0,0.0,0.0,0.0,1.0,0.0,3.0,75.0,
7_akshita#SC_3_motion_5.mp4 #0.0#25.0,0.0,0.0,0.0,0.0,0.0,0.0,5.0,5.0,20.0,0.0,0.0,0.0,0.0,0.0,0.0,0.0,5.0,24.0,0.0,0.0,0.0,0.0,0.0,0.0,0.0,4.0,44.0,1.0,0.0,0.0,0.0,0.0,0.0,1.0,5.0,21.0,1.0,0.0,1.0,0.0,0.0,0.0,0.0,5.0,5.0,0.0,0.0,0.0,0.0,0.0,0.0,0.0,4.0,30.0,0.0,0.0,0.0,0.0,0.0,1.0,0.0,5.0,48.0,
7_akshita#SD_MixedMotion_3.mp4 #0.0#18.0,1.0,0.0,0.0,0.0,0.0,0.0,1.0,1.0,13.0,1.0,0.0,0.0,0.0,0.0,0.0,0.0,1.0,54.0,0.0,0.0,0.0,0.0,0.0,0.0,0.0,0.0,0.0,0.0,0.0,0.0,0.0,0.0,0.0,0.0,0.0,0.0,0.0,1.0,0.0,0.0,0.0,0.0,0.0,0.0,58.0,1.0,0.0,0.0,0.0,0.0,0.0,1.0,1.0,7.0,1.0,1.0,0.0,0.0,0.0,0.0,0.0,1.0,24.0,
7_akshita#SD_MixedMotion_4.mp4 #0.0#26.0,1.0,0.0,0.0,0.0,0.0,0.0,0.0,1.0,21.0,1.0,0.0,0.0,0.0,0.0,0.0,0.0,1.0,14.0,1.0,0.0,0.0,0.0,0.0,0.0,0.0,1.0,62.0,3.0,0.0,0.0,0.0,0.0,0.0,0.0,3.0,54.0,1.0,1.0,0.0,0.0,0.0,0.0,0.0,1.0,9.0,1.0,0.0,0.0,0.0,0.0,0.0,0.0,1.0,19.0,2.0,0.0,0.0,0.0,0.0,1.0,0.0,1.0,27.0,
7_akshita#SD_MixedMotion_5.mp4 #0.0#26.0,0.0,0.0,0.0,0.0,0.0,0.0,1.0,1.0,36.0,1.0,0.0,0.0,0.0,0.0,0.0,0.0,1.0,51.0,1.0,0.0,0.0,0.0,0.0,0.0,0.0,1.0,45.0,1.0,0.0,0.0,0.0,0.0,0.0,0.0,0.0,17.0,1.0,0.0,0.0,0.0,0.0,0.0,0.0,0.0,24.0,1.0,0.0,0.0,0.0,0.0,1.0,0.0,0.0,7.0,0.0,0.0,0.0,0.0,0.0,0.0,0.0,1.0,18.0,
6_Shatarupa#SA_2_motion_11.mp4 #0.0#0.0,0.0,0.0,0.0,0.0,0.0,0.0,0.0,0.0,0.0,0.0,0.0,0.0,0.0,0.0,0.0,0.0,0.0,0.0,0.0,0.0,0.0,0.0,0.0,0.0,0.0,0.0,71.0,0.0,0.0,0.0,0.0,0.0,0.0,0.0,1.0,22.0,0.0,0.0,0.0,0.0,0.0,0.0,0.0,0.0,0.0,0.0,0.0,0.0,0.0,0.0,0.0,0.0,0.0,0.0,0.0,0.0,0.0,0.0,0.0,0.0,0.0,0.0,0.0,
6_Shatarupa#SA_2_motion_27.mp4 #0.0#0.0,0.0,0.0,0.0,0.0,0.0,0.0,0.0,0.0,0.0,0.0,0.0,0.0,0.0,0.0,0.0,0.0,0.0,0.0,0.0,0.0,0.0,0.0,0.0,0.0,0.0,0.0,19.0,1.0,0.0,0.0,0.0,0.0,0.0,0.0,0.0,43.0,1.0,0.0,0.0,0.0,0.0,0.0,0.0,0.0,53.0,1.0,0.0,0.0,0.0,0.0,0.0,0.0,0.0,9.0,0.0,0.0,0.0,0.0,0.0,0.0,0.0,0.0,0.0,
6_Shatarupa#SA_3_motion_29.mp4 #0.0#0.0,0.0,0.0,0.0,0.0,0.0,0.0,0.0,0.0,0.0,0.0,0.0,0.0,0.0,0.0,0.0,0.0,0.0,0.0,0.0,0.0,0.0,0.0,0.0,0.0,0.0,0.0,12.0,1.0,0.0,0.0,0.0,0.0,0.0,0.0,1.0,81.0,0.0,0.0,0.0,0.0,0.0,0.0,0.0,0.0,0.0,0.0,0.0,0.0,0.0,0.0,0.0,0.0,0.0,0.0,0.0,0.0,0.0,0.0,0.0,0.0,0.0,0.0,0.0,
6_Shatarupa#SB_2_motion_19.mp4 #0.0#0.0,0.0,0.0,0.0,0.0,0.0,0.0,0.0,0.0,0.0,0.0,0.0,0.0,0.0,0.0,0.0,0.0,0.0,0.0,0.0,0.0,0.0,0.0,0.0,0.0,0.0,0.0,0.0,0.0,0.0,0.0,0.0,0.0,0.0,0.0,0.0,0.0,0.0,0.0,0.0,0.0,0.0,0.0,0.0,0.0,0.0,0.0,0.0,0.0,0.0,0.0,0.0,0.0,0.0,106.0,1.0,0.0,0.0,0.0,0.0,0.0,0.0,1.0,10.0,
6_Shatarupa#SB_3_motion_14.mp4 #0.0#102.0,0.0,0.0,0.0,0.0,0.0,0.0,1.0,0.0,0.0,1.0,0.0,0.0,0.0,0.0,0.0,0.0,0.0,0.0,1.0,0.0,0.0,0.0,0.0,0.0,0.0,0.0,101.0,0.0,0.0,0.0,1.0,0.0,0.0,0.0,0.0,87.0,0.0,1.0,0.0,0.0,0.0,0.0,0.0,1.0,4.0,0.0,0.0,0.0,0.0,0.0,0.0,0.0,0.0,2.0,1.0,1.0,1.0,0.0,0.0,0.0,0.0,0.0,85.0,
6_Shatarupa#SB_PoolShot_3.mp4 #0.0#82.0,1.0,0.0,0.0,0.0,0.0,0.0,1.0,0.0,99.0,1.0,0.0,0.0,0.0,0.0,0.0,0.0,0.0,0.0,0.0,0.0,0.0,0.0,1.0,0.0,0.0,0.0,90.0,0.0,0.0,0.0,1.0,1.0,0.0,0.0,1.0,106.0,1.0,0.0,0.0,0.0,0.0,0.0,0.0,2.0,27.0,0.0,0.0,0.0,0.0,0.0,0.0,0.0,1.0,95.0,0.0,0.0,0.0,0.0,0.0,1.0,1.0,1.0,1.0,
6_Shatarupa#SC_3_motion_3.mp4 #0.0#8.0,0.0,0.0,0.0,0.0,0.0,0.0,1.0,1.0,24.0,0.0,0.0,0.0,0.0,0.0,0.0,0.0,1.0,7.0,0.0,0.0,0.0,0.0,0.0,0.0,0.0,0.0,7.0,1.0,0.0,0.0,0.0,0.0,0.0,1.0,1.0,21.0,0.0,0.0,0.0,0.0,0.0,0.0,0.0,2.0,22.0,0.0,0.0,0.0,0.0,0.0,0.0,0.0,1.0,19.0,0.0,0.0,0.0,0.0,0.0,0.0,0.0,1.0,16.0,
6_Shatarupa#SC_3_motion_8.mp4 #0.0#7.0,0.0,0.0,0.0,0.0,0.0,0.0,5.0,5.0,22.0,0.0,0.0,2.0,0.0,0.0,0.0,0.0,6.0,66.0,0.0,0.0,0.0,0.0,0.0,0.0,0.0,7.0,62.0,0.0,0.0,0.0,0.0,0.0,1.0,0.0,7.0,46.0,0.0,0.0,1.0,0.0,0.0,0.0,0.0,7.0,63.0,0.0,0.0,0.0,0.0,0.0,0.0,0.0,7.0,41.0,0.0,0.0,0.0,0.0,0.0,0.0,0.0,6.0,7.0,
6_Shatarupa#SD_MixedMotion_10.mp4 #0.0#78.0,1.0,0.0,0.0,0.0,0.0,0.0,0.0,1.0,61.0,2.0,0.0,0.0,0.0,0.0,0.0,0.0,1.0,38.0,1.0,1.0,0.0,0.0,0.0,0.0,0.0,1.0,81.0,2.0,0.0,0.0,0.0,0.0,1.0,0.0,2.0,10.0,1.0,0.0,0.0,0.0,0.0,0.0,0.0,1.0,12.0,1.0,0.0,0.0,0.0,0.0,0.0,0.0,1.0,49.0,0.0,1.0,0.0,0.0,0.0,0.0,0.0,0.0,10.0,
8_panem#SA_2_motion_29.mp4 #0.0#0.0,0.0,0.0,0.0,0.0,0.0,0.0,0.0,0.0,0.0,0.0,0.0,0.0,0.0,0.0,0.0,0.0,0.0,47.0,1.0,0.0,0.0,0.0,0.0,0.0,0.0,2.0,44.0,0.0,0.0,0.0,0.0,0.0,0.0,0.0,1.0,41.0,0.0,0.0,0.0,0.0,0.0,0.0,0.0,1.0,39.0,0.0,0.0,0.0,0.0,0.0,0.0,0.0,1.0,4.0,0.0,0.0,0.0,0.0,0.0,0.0,0.0,0.0,0.0,
8_panem#SA_3_motion_21.mp4 #0.0#0.0,0.0,0.0,0.0,0.0,0.0,0.0,0.0,0.0,17.0,1.0,0.0,0.0,0.0,0.0,0.0,0.0,0.0,49.0,0.0,0.0,0.0,0.0,0.0,0.0,0.0,0.0,0.0,0.0,0.0,0.0,0.0,0.0,0.0,0.0,0.0,0.0,0.0,0.0,0.0,0.0,0.0,0.0,0.0,0.0,0.0,0.0,0.0,0.0,0.0,0.0,0.0,0.0,0.0,0.0,0.0,0.0,0.0,0.0,0.0,0.0,0.0,0.0,0.0,
8_panem#SB_3_motion_20.mp4 #0.0#81.0,0.0,1.0,0.0,0.0,0.0,0.0,0.0,0.0,0.0,0.0,0.0,0.0,0.0,0.0,0.0,0.0,0.0,35.0,1.0,0.0,0.0,0.0,0.0,0.0,0.0,0.0,3.0,1.0,0.0,0.0,0.0,0.0,0.0,0.0,0.0,87.0,1.0,1.0,0.0,0.0,0.0,0.0,0.0,0.0,0.0,1.0,0.0,0.0,0.0,0.0,0.0,1.0,0.0,2.0,1.0,0.0,0.0,0.0,0.0,0.0,0.0,0.0,44.0,
8_panem#SC_2_motion_10.mp4 #0.0#71.0,4.0,0.0,0.0,0.0,0.0,0.0,0.0,0.0,45.0,4.0,0.0,1.0,0.0,0.0,0.0,0.0,0.0,28.0,4.0,0.0,0.0,0.0,0.0,0.0,0.0,0.0,6.0,3.0,0.0,0.0,0.0,0.0,1.0,0.0,0.0,8.0,3.0,0.0,0.0,0.0,0.0,0.0,0.0,0.0,41.0,3.0,0.0,0.0,0.0,0.0,0.0,0.0,0.0,32.0,4.0,4.0,0.0,0.0,0.0,0.0,0.0,0.0,55.0,
8_panem#SC_Circle_CW_ACW.mp4 #0.0#62.0,1.0,0.0,0.0,0.0,0.0,0.0,0.0,0.0,28.0,1.0,0.0,0.0,0.0,0.0,0.0,0.0,0.0,12.0,1.0,0.0,0.0,0.0,0.0,0.0,0.0,0.0,50.0,1.0,0.0,0.0,0.0,0.0,0.0,0.0,0.0,40.0,1.0,0.0,0.0,0.0,0.0,0.0,0.0,0.0,29.0,0.0,0.0,0.0,0.0,0.0,0.0,0.0,0.0,6.0,1.0,1.0,0.0,0.0,0.0,0.0,0.0,0.0,35.0,
8_panem#SD_MixedMotion_2.mp4 #0.0#107.0,1.0,0.0,0.0,0.0,0.0,0.0,0.0,1.0,33.0,1.0,0.0,0.0,0.0,0.0,0.0,0.0,1.0,5.0,1.0,0.0,0.0,0.0,0.0,0.0,0.0,0.0,0.0,1.0,0.0,0.0,0.0,0.0,0.0,0.0,0.0,0.0,0.0,0.0,0.0,0.0,0.0,0.0,0.0,0.0,0.0,0.0,0.0,0.0,0.0,0.0,0.0,0.0,0.0,0.0,0.0,0.0,0.0,0.0,0.0,0.0,0.0,0.0,0.0,
8_panem#SE_2_motion_17.mp4 #0.0#34.0,0.0,0.0,0.0,0.0,0.0,0.0,2.0,0.0,0.0,0.0,0.0,0.0,0.0,0.0,0.0,0.0,0.0,0.0,0.0,0.0,0.0,0.0,0.0,0.0,0.0,0.0,0.0,0.0,0.0,0.0,0.0,1.0,0.0,0.0,0.0,0.0,0.0,0.0,0.0,0.0,0.0,0.0,0.0,1.0,25.0,0.0,0.0,0.0,0.0,0.0,0.0,0.0,1.0,23.0,0.0,0.0,0.0,0.0,0.0,0.0,0.0,2.0,25.0,
8_romil#SA_2_motion_29.mp4 #1.0#0.0,0.0,0.0,0.0,0.0,0.0,0.0,0.0,0.0,72.0,0.0,0.0,0.0,0.0,0.0,0.0,0.0,1.0,2.0,0.0,0.0,0.0,0.0,0.0,0.0,0.0,0.0,0.0,0.0,0.0,0.0,0.0,0.0,0.0,0.0,0.0,0.0,0.0,0.0,0.0,0.0,0.0,0.0,0.0,0.0,0.0,0.0,0.0,0.0,0.0,0.0,0.0,0.0,0.0,0.0,0.0,0.0,0.0,0.0,0.0,0.0,0.0,0.0,0.0,
8_romil#SA_2_motion_30.mp4 #1.0#0.0,0.0,0.0,0.0,0.0,0.0,0.0,0.0,0.0,0.0,0.0,0.0,0.0,0.0,0.0,0.0,0.0,0.0,25.0,0.0,0.0,0.0,0.0,0.0,0.0,0.0,1.0,76.0,0.0,0.0,0.0,0.0,0.0,0.0,0.0,1.0,7.0,0.0,0.0,0.0,0.0,0.0,0.0,0.0,0.0,0.0,0.0,0.0,0.0,0.0,0.0,0.0,0.0,0.0,0.0,0.0,0.0,0.0,0.0,0.0,0.0,0.0,0.0,0.0,
8_romil#SA_3_motion_21.mp4 #1.0#0.0,0.0,0.0,0.0,0.0,0.0,0.0,0.0,0.0,22.0,1.0,0.0,0.0,0.0,0.0,0.0,0.0,1.0,49.0,0.0,1.0,0.0,0.0,0.0,0.0,0.0,0.0,0.0,0.0,0.0,0.0,0.0,0.0,0.0,0.0,0.0,0.0,0.0,0.0,0.0,0.0,0.0,0.0,0.0,0.0,0.0,0.0,0.0,0.0,0.0,0.0,0.0,0.0,0.0,0.0,0.0,0.0,0.0,0.0,0.0,0.0,0.0,0.0,0.0,
8_romil#SB_3_motion_20.mp4 #0.0#62.0,1.0,0.0,0.0,0.0,0.0,0.0,0.0,1.0,4.0,0.0,1.0,0.0,0.0,0.0,0.0,0.0,0.0,13.0,1.0,0.0,0.0,0.0,0.0,0.0,0.0,1.0,40.0,1.0,0.0,0.0,0.0,0.0,0.0,0.0,0.0,56.0,2.0,0.0,0.0,0.0,0.0,0.0,0.0,1.0,1.0,1.0,0.0,0.0,0.0,0.0,0.0,0.0,0.0,20.0,1.0,0.0,0.0,0.0,0.0,0.0,0.0,1.0,25.0,
8_romil#SC_2_motion_10.mp4 #0.0#14.0,0.0,0.0,0.0,1.0,0.0,0.0,3.0,3.0,25.0,0.0,0.0,1.0,0.0,0.0,0.0,0.0,4.0,25.0,0.0,0.0,0.0,0.0,0.0,0.0,0.0,4.0,60.0,2.0,0.0,0.0,0.0,1.0,0.0,0.0,6.0,85.0,0.0,0.0,1.0,0.0,0.0,0.0,0.0,4.0,45.0,0.0,0.0,0.0,0.0,0.0,0.0,0.0,4.0,5.0,0.0,0.0,0.0,0.0,0.0,0.0,0.0,4.0,5.0,
8_romil#SC_Circle_CW_ACW.mp4 #0.0#188.0,2.0,0.0,0.0,0.0,0.0,0.0,2.0,2.0,94.0,2.0,0.0,0.0,0.0,0.0,0.0,0.0,2.0,100.0,4.0,0.0,1.0,0.0,0.0,0.0,0.0,2.0,105.0,4.0,0.0,0.0,0.0,0.0,0.0,1.0,3.0,199.0,2.0,0.0,0.0,0.0,0.0,2.0,0.0,2.0,111.0,1.0,0.0,0.0,0.0,0.0,0.0,0.0,2.0,66.0,2.0,2.0,0.0,0.0,0.0,0.0,0.0,2.0,140.0,
8_romil#SD_MixedMotion_2.mp4 #0.0#102.0,1.0,0.0,0.0,0.0,0.0,0.0,0.0,1.0,60.0,1.0,0.0,0.0,0.0,0.0,0.0,0.0,0.0,2.0,0.0,0.0,0.0,0.0,0.0,0.0,0.0,0.0,0.0,0.0,0.0,0.0,0.0,0.0,0.0,0.0,0.0,0.0,0.0,0.0,0.0,0.0,0.0,0.0,0.0,0.0,0.0,0.0,0.0,0.0,0.0,0.0,0.0,0.0,0.0,0.0,0.0,0.0,0.0,0.0,0.0,0.0,0.0,0.0,0.0,
8_romil#SD_MixedMotion_6.mp4 #0.0#56.0,0.0,0.0,0.0,0.0,1.0,0.0,5.0,6.0,46.0,0.0,0.0,0.0,0.0,0.0,0.0,0.0,5.0,52.0,0.0,1.0,0.0,0.0,1.0,0.0,0.0,7.0,53.0,0.0,0.0,0.0,0.0,0.0,1.0,0.0,7.0,33.0,1.0,0.0,0.0,0.0,0.0,0.0,0.0,8.0,43.0,0.0,0.0,0.0,0.0,0.0,0.0,0.0,6.0,56.0,0.0,0.0,0.0,0.0,0.0,0.0,0.0,6.0,31.0,
8_romil#SE_2_motion_17.mp4 #1.0#18.0,0.0,0.0,0.0,0.0,0.0,0.0,1.0,0.0,0.0,0.0,0.0,0.0,0.0,0.0,0.0,0.0,0.0,0.0,0.0,0.0,0.0,0.0,0.0,0.0,0.0,0.0,0.0,0.0,0.0,0.0,0.0,0.0,0.0,0.0,0.0,0.0,0.0,0.0,0.0,0.0,0.0,0.0,0.0,0.0,39.0,0.0,1.0,0.0,0.0,0.0,0.0,0.0,1.0,19.0,0.0,2.0,0.0,0.0,0.0,0.0,0.0,0.0,41.0,
6_pramod#SA_2_motion_11.mp4 #0.0#0.0,0.0,0.0,0.0,0.0,0.0,0.0,0.0,0.0,0.0,0.0,0.0,0.0,0.0,0.0,0.0,0.0,0.0,0.0,0.0,0.0,0.0,0.0,0.0,0.0,0.0,0.0,62.0,1.0,0.0,0.0,0.0,0.0,0.0,0.0,0.0,15.0,0.0,0.0,0.0,0.0,0.0,0.0,0.0,0.0,0.0,0.0,0.0,0.0,0.0,0.0,0.0,0.0,0.0,0.0,0.0,0.0,0.0,0.0,0.0,0.0,0.0,0.0,0.0,
6_pramod#SA_2_motion_27.mp4 #0.0#0.0,0.0,0.0,0.0,0.0,0.0,0.0,0.0,0.0,0.0,0.0,0.0,0.0,0.0,0.0,0.0,0.0,0.0,0.0,0.0,0.0,0.0,0.0,0.0,0.0,0.0,0.0,0.0,1.0,0.0,0.0,0.0,0.0,0.0,0.0,0.0,65.0,1.0,0.0,0.0,0.0,0.0,0.0,0.0,0.0,59.0,1.0,0.0,0.0,0.0,0.0,0.0,0.0,0.0,6.0,0.0,0.0,0.0,0.0,0.0,0.0,0.0,0.0,0.0,
6_pramod#SA_3_motion_29.mp4 #0.0#0.0,0.0,0.0,0.0,0.0,0.0,0.0,0.0,0.0,0.0,0.0,0.0,0.0,0.0,0.0,0.0,0.0,0.0,0.0,0.0,0.0,0.0,0.0,0.0,0.0,0.0,0.0,17.0,1.0,0.0,0.0,0.0,0.0,0.0,0.0,1.0,84.0,0.0,0.0,0.0,0.0,0.0,0.0,0.0,0.0,0.0,0.0,0.0,0.0,0.0,0.0,0.0,0.0,0.0,0.0,0.0,0.0,0.0,0.0,0.0,0.0,0.0,0.0,0.0,
6_pramod#SB_2_motion_19.mp4 #0.0#0.0,0.0,0.0,0.0,0.0,0.0,0.0,0.0,0.0,0.0,0.0,0.0,0.0,0.0,0.0,0.0,0.0,0.0,0.0,0.0,0.0,0.0,0.0,0.0,0.0,0.0,0.0,0.0,0.0,0.0,0.0,0.0,0.0,0.0,0.0,0.0,0.0,0.0,0.0,0.0,0.0,0.0,0.0,0.0,0.0,0.0,0.0,0.0,0.0,0.0,0.0,0.0,0.0,0.0,113.0,0.0,0.0,0.0,0.0,0.0,0.0,0.0,0.0,0.0,
6_pramod#SB_3_motion_14.mp4 #0.0#60.0,1.0,0.0,0.0,0.0,0.0,0.0,0.0,0.0,4.0,1.0,0.0,0.0,0.0,0.0,0.0,0.0,1.0,4.0,1.0,0.0,0.0,0.0,0.0,0.0,0.0,1.0,50.0,0.0,0.0,0.0,0.0,0.0,0.0,0.0,0.0,48.0,1.0,0.0,0.0,0.0,0.0,0.0,0.0,1.0,16.0,1.0,0.0,0.0,0.0,0.0,0.0,0.0,0.0,13.0,2.0,1.0,0.0,0.0,0.0,0.0,0.0,1.0,27.0,
6_pramod#SB_PoolShot_3.mp4 #0.0#38.0,1.0,0.0,0.0,0.0,0.0,0.0,0.0,1.0,146.0,1.0,1.0,0.0,0.0,0.0,0.0,0.0,0.0,42.0,0.0,1.0,1.0,0.0,0.0,0.0,0.0,1.0,13.0,0.0,0.0,0.0,0.0,0.0,0.0,0.0,0.0,0.0,0.0,1.0,0.0,0.0,0.0,0.0,0.0,1.0,118.0,0.0,0.0,0.0,1.0,0.0,0.0,0.0,0.0,88.0,0.0,0.0,0.0,0.0,0.0,0.0,0.0,0.0,0.0,
6_pramod#SC_3_motion_3.mp4 #1.0#28.0,1.0,0.0,0.0,0.0,0.0,0.0,0.0,0.0,27.0,1.0,0.0,0.0,0.0,0.0,0.0,0.0,0.0,26.0,1.0,0.0,0.0,0.0,0.0,0.0,0.0,0.0,31.0,1.0,0.0,0.0,0.0,0.0,0.0,0.0,0.0,43.0,1.0,0.0,0.0,0.0,0.0,0.0,0.0,0.0,16.0,1.0,0.0,0.0,0.0,0.0,0.0,0.0,0.0,16.0,1.0,1.0,0.0,0.0,0.0,0.0,0.0,0.0,42.0,
6_pramod#SC_3_motion_8.mp4 #0.0#32.0,0.0,0.0,0.0,0.0,0.0,0.0,4.0,4.0,65.0,0.0,0.0,1.0,0.0,0.0,0.0,0.0,4.0,54.0,0.0,2.0,0.0,0.0,0.0,0.0,0.0,4.0,82.0,0.0,0.0,0.0,0.0,0.0,1.0,2.0,5.0,85.0,1.0,0.0,0.0,0.0,0.0,0.0,0.0,6.0,79.0,0.0,0.0,0.0,0.0,0.0,0.0,0.0,4.0,44.0,0.0,0.0,0.0,0.0,0.0,0.0,0.0,4.0,14.0,
6_pramod#SD_MixedMotion_10.mp4 #0.0#88.0,1.0,0.0,0.0,0.0,0.0,0.0,1.0,1.0,68.0,1.0,0.0,0.0,0.0,0.0,0.0,0.0,1.0,49.0,1.0,1.0,0.0,0.0,0.0,0.0,0.0,1.0,78.0,2.0,0.0,0.0,0.0,0.0,0.0,1.0,2.0,25.0,1.0,0.0,0.0,0.0,0.0,0.0,0.0,1.0,50.0,1.0,0.0,0.0,0.0,0.0,0.0,0.0,1.0,15.0,0.0,1.0,0.0,0.0,0.0,0.0,0.0,0.0,28.0,
6_neeraj#SA_2_motion_11.mp4 #0.0#70.0,0.0,0.0,0.0,0.0,0.0,0.0,1.0,0.0,0.0,0.0,0.0,0.0,0.0,0.0,0.0,0.0,0.0,0.0,0.0,0.0,0.0,0.0,0.0,0.0,0.0,0.0,0.0,0.0,0.0,0.0,0.0,0.0,0.0,0.0,0.0,0.0,0.0,0.0,0.0,0.0,0.0,0.0,0.0,0.0,0.0,0.0,0.0,0.0,0.0,0.0,0.0,0.0,0.0,0.0,0.0,1.0,0.0,0.0,0.0,0.0,0.0,0.0,20.0,
6_neeraj#SA_2_motion_27.mp4 #0.0#0.0,0.0,0.0,0.0,0.0,0.0,0.0,0.0,0.0,0.0,0.0,0.0,0.0,0.0,0.0,0.0,0.0,0.0,0.0,0.0,0.0,0.0,0.0,0.0,0.0,0.0,0.0,0.0,0.0,0.0,0.0,0.0,0.0,0.0,0.0,0.0,60.0,1.0,0.0,0.0,0.0,0.0,0.0,0.0,0.0,89.0,0.0,0.0,0.0,0.0,0.0,0.0,0.0,0.0,0.0,0.0,0.0,0.0,0.0,0.0,0.0,0.0,0.0,0.0,
6_neeraj#SA_3_motion_29.mp4 #0.0#0.0,0.0,0.0,0.0,0.0,0.0,0.0,0.0,0.0,0.0,0.0,0.0,0.0,0.0,0.0,0.0,0.0,0.0,0.0,0.0,0.0,0.0,0.0,0.0,0.0,0.0,0.0,18.0,0.0,0.0,0.0,0.0,0.0,0.0,0.0,1.0,84.0,0.0,0.0,0.0,0.0,0.0,0.0,0.0,0.0,0.0,0.0,0.0,0.0,0.0,0.0,0.0,0.0,0.0,0.0,0.0,0.0,0.0,0.0,0.0,0.0,0.0,0.0,0.0,
6_neeraj#SB_2_motion_19.mp4 #0.0#0.0,0.0,0.0,0.0,0.0,0.0,0.0,0.0,0.0,0.0,0.0,0.0,0.0,0.0,0.0,0.0,0.0,0.0,0.0,0.0,0.0,0.0,0.0,0.0,0.0,0.0,0.0,0.0,0.0,0.0,0.0,0.0,0.0,0.0,0.0,0.0,0.0,0.0,0.0,0.0,0.0,0.0,0.0,0.0,0.0,0.0,0.0,0.0,0.0,0.0,0.0,0.0,0.0,0.0,28.0,0.0,0.0,0.0,0.0,0.0,0.0,0.0,1.0,80.0,
6_neeraj#SB_3_motion_14.mp4 #0.0#59.0,0.0,0.0,0.0,1.0,0.0,0.0,0.0,0.0,0.0,0.0,0.0,0.0,0.0,0.0,0.0,0.0,0.0,24.0,1.0,0.0,0.0,0.0,0.0,0.0,0.0,1.0,54.0,0.0,0.0,0.0,0.0,0.0,0.0,0.0,1.0,80.0,2.0,0.0,0.0,0.0,0.0,0.0,0.0,1.0,8.0,0.0,1.0,0.0,0.0,0.0,0.0,0.0,0.0,0.0,0.0,1.0,0.0,0.0,0.0,0.0,0.0,0.0,63.0,
6_neeraj#SB_PoolShot_3.mp4 #0.0#25.0,2.0,0.0,1.0,0.0,0.0,0.0,0.0,1.0,153.0,0.0,0.0,1.0,0.0,1.0,0.0,0.0,0.0,15.0,0.0,1.0,0.0,0.0,0.0,0.0,0.0,1.0,42.0,0.0,0.0,0.0,0.0,0.0,1.0,0.0,0.0,157.0,0.0,0.0,0.0,0.0,0.0,0.0,0.0,0.0,0.0,0.0,0.0,0.0,0.0,0.0,0.0,0.0,0.0,91.0,1.0,1.0,0.0,0.0,0.0,0.0,0.0,0.0,0.0,
6_neeraj#SC_3_motion_3.mp4 #1.0#115.0,0.0,0.0,0.0,0.0,0.0,0.0,3.0,3.0,103.0,0.0,0.0,0.0,0.0,0.0,0.0,0.0,3.0,105.0,0.0,0.0,0.0,0.0,0.0,0.0,0.0,3.0,107.0,0.0,0.0,0.0,0.0,0.0,0.0,0.0,3.0,145.0,0.0,1.0,0.0,0.0,0.0,0.0,0.0,3.0,95.0,0.0,0.0,0.0,0.0,0.0,0.0,1.0,4.0,124.0,0.0,0.0,0.0,0.0,0.0,0.0,0.0,3.0,117.0,
6_neeraj#SC_3_motion_8.mp4 #1.0#100.0,6.0,0.0,0.0,0.0,0.0,0.0,0.0,0.0,77.0,6.0,0.0,0.0,0.0,0.0,0.0,0.0,0.0,31.0,5.0,2.0,0.0,0.0,0.0,0.0,0.0,0.0,31.0,6.0,0.0,0.0,0.0,0.0,0.0,1.0,1.0,39.0,7.0,0.0,1.0,0.0,0.0,0.0,0.0,1.0,39.0,6.0,0.0,0.0,0.0,0.0,0.0,0.0,0.0,54.0,6.0,7.0,0.0,0.0,0.0,1.0,0.0,0.0,100.0,
6_neeraj#SD_MixedMotion_10.mp4 #0.0#87.0,1.0,0.0,0.0,0.0,0.0,0.0,1.0,1.0,54.0,1.0,0.0,0.0,0.0,0.0,0.0,0.0,1.0,66.0,1.0,0.0,0.0,0.0,0.0,0.0,0.0,1.0,66.0,1.0,0.0,0.0,0.0,0.0,0.0,0.0,1.0,26.0,1.0,0.0,0.0,0.0,0.0,0.0,0.0,1.0,34.0,1.0,0.0,0.0,0.0,0.0,0.0,0.0,1.0,36.0,0.0,1.0,0.0,0.0,0.0,0.0,0.0,0.0,18.0,
6_hari#SA_2_motion_11.mp4 #0.0#0.0,0.0,0.0,0.0,0.0,0.0,0.0,0.0,0.0,0.0,0.0,0.0,0.0,0.0,0.0,0.0,0.0,0.0,0.0,0.0,0.0,0.0,0.0,0.0,0.0,0.0,0.0,16.0,1.0,0.0,0.0,0.0,0.0,0.0,0.0,1.0,73.0,0.0,0.0,0.0,0.0,0.0,0.0,0.0,0.0,0.0,0.0,0.0,0.0,0.0,0.0,0.0,0.0,0.0,0.0,0.0,0.0,0.0,0.0,0.0,0.0,0.0,0.0,0.0,
6_hari#SA_2_motion_27.mp4 #1.0#0.0,0.0,0.0,0.0,0.0,0.0,0.0,0.0,0.0,0.0,0.0,0.0,0.0,0.0,0.0,0.0,0.0,0.0,0.0,0.0,0.0,0.0,0.0,0.0,0.0,0.0,0.0,10.0,1.0,0.0,0.0,0.0,0.0,0.0,0.0,0.0,60.0,1.0,0.0,0.0,0.0,0.0,0.0,0.0,0.0,62.0,1.0,0.0,0.0,0.0,0.0,0.0,0.0,0.0,7.0,0.0,0.0,0.0,0.0,0.0,0.0,0.0,0.0,0.0,
6_hari#SA_3_motion_29.mp4 #0.0#0.0,0.0,0.0,0.0,0.0,0.0,0.0,0.0,0.0,0.0,0.0,0.0,0.0,0.0,0.0,0.0,0.0,0.0,0.0,0.0,0.0,0.0,0.0,0.0,0.0,0.0,0.0,0.0,0.0,0.0,0.0,0.0,0.0,0.0,0.0,0.0,108.0,0.0,0.0,0.0,0.0,0.0,0.0,0.0,0.0,0.0,0.0,0.0,0.0,0.0,0.0,0.0,0.0,0.0,0.0,0.0,0.0,0.0,0.0,0.0,0.0,0.0,0.0,0.0,
6_hari#SB_2_motion_19.mp4 #0.0#0.0,0.0,0.0,0.0,0.0,0.0,0.0,0.0,0.0,0.0,0.0,0.0,0.0,0.0,0.0,0.0,0.0,0.0,0.0,0.0,0.0,0.0,0.0,0.0,0.0,0.0,0.0,0.0,0.0,0.0,0.0,0.0,0.0,0.0,0.0,0.0,0.0,0.0,0.0,0.0,0.0,0.0,0.0,0.0,0.0,0.0,0.0,0.0,0.0,0.0,0.0,0.0,0.0,0.0,70.0,0.0,0.0,0.0,0.0,0.0,0.0,0.0,1.0,52.0,
6_hari#SB_3_motion_14.mp4 #0.0#19.0,1.0,0.0,0.0,1.0,0.0,0.0,1.0,1.0,56.0,0.0,0.0,0.0,0.0,1.0,0.0,1.0,0.0,0.0,1.0,0.0,0.0,0.0,0.0,0.0,0.0,1.0,72.0,0.0,0.0,0.0,0.0,0.0,1.0,0.0,0.0,88.0,0.0,0.0,0.0,1.0,0.0,1.0,0.0,0.0,1.0,0.0,0.0,0.0,0.0,0.0,0.0,0.0,1.0,1.0,1.0,0.0,0.0,0.0,0.0,0.0,1.0,1.0,98.0,
6_hari#SB_PoolShot_3.mp4 #0.0#0.0,0.0,0.0,0.0,0.0,0.0,0.0,0.0,0.0,203.0,1.0,0.0,1.0,0.0,0.0,0.0,0.0,0.0,0.0,0.0,1.0,0.0,0.0,0.0,0.0,0.0,0.0,0.0,0.0,0.0,0.0,0.0,0.0,0.0,0.0,0.0,133.0,1.0,0.0,1.0,0.0,1.0,0.0,0.0,0.0,53.0,0.0,0.0,0.0,0.0,0.0,0.0,0.0,1.0,102.0,0.0,0.0,0.0,0.0,0.0,0.0,0.0,1.0,0.0,
6_hari#SC_3_motion_3.mp4 #0.0#32.0,0.0,0.0,0.0,0.0,0.0,0.0,2.0,1.0,37.0,0.0,0.0,0.0,0.0,0.0,0.0,0.0,1.0,24.0,1.0,0.0,0.0,0.0,0.0,0.0,0.0,2.0,18.0,0.0,0.0,0.0,0.0,0.0,0.0,0.0,1.0,35.0,0.0,0.0,0.0,0.0,0.0,0.0,0.0,1.0,14.0,0.0,0.0,0.0,0.0,0.0,0.0,0.0,1.0,34.0,0.0,1.0,0.0,0.0,0.0,0.0,0.0,1.0,15.0,
6_hari#SC_3_motion_8.mp4 #0.0#74.0,5.0,0.0,0.0,1.0,0.0,0.0,0.0,0.0,65.0,5.0,0.0,1.0,0.0,0.0,0.0,0.0,0.0,26.0,4.0,0.0,0.0,0.0,0.0,0.0,0.0,0.0,22.0,4.0,0.0,0.0,0.0,1.0,1.0,0.0,0.0,13.0,4.0,0.0,0.0,0.0,0.0,0.0,0.0,0.0,22.0,4.0,0.0,0.0,0.0,0.0,0.0,0.0,0.0,66.0,5.0,5.0,0.0,0.0,0.0,0.0,0.0,0.0,69.0,
6_hari#SD_MixedMotion_10.mp4 #0.0#89.0,1.0,0.0,0.0,0.0,0.0,0.0,0.0,1.0,54.0,2.0,0.0,0.0,0.0,0.0,0.0,0.0,2.0,40.0,1.0,0.0,0.0,0.0,0.0,0.0,0.0,1.0,70.0,1.0,0.0,0.0,0.0,0.0,0.0,0.0,1.0,13.0,1.0,0.0,0.0,0.0,0.0,0.0,0.0,1.0,5.0,1.0,0.0,0.0,0.0,0.0,0.0,0.0,1.0,54.0,0.0,0.0,0.0,0.0,0.0,0.0,0.0,0.0,0.0,
6_anudeep#SA_2_motion_11.mp4 #0.0#0.0,0.0,0.0,0.0,0.0,0.0,0.0,0.0,0.0,0.0,0.0,0.0,0.0,0.0,0.0,0.0,0.0,0.0,0.0,0.0,0.0,0.0,0.0,0.0,0.0,0.0,0.0,16.0,0.0,0.0,0.0,0.0,0.0,0.0,0.0,1.0,85.0,0.0,0.0,0.0,0.0,0.0,0.0,0.0,0.0,0.0,0.0,0.0,0.0,0.0,0.0,0.0,0.0,0.0,0.0,0.0,0.0,0.0,0.0,0.0,0.0,0.0,0.0,0.0,
6_anudeep#SA_2_motion_27.mp4 #0.0#0.0,0.0,0.0,0.0,0.0,0.0,0.0,0.0,0.0,0.0,0.0,0.0,0.0,0.0,0.0,0.0,0.0,0.0,0.0,0.0,0.0,0.0,0.0,0.0,0.0,0.0,0.0,13.0,1.0,0.0,0.0,0.0,0.0,0.0,0.0,0.0,55.0,1.0,0.0,0.0,0.0,0.0,0.0,0.0,0.0,54.0,1.0,0.0,0.0,0.0,0.0,0.0,0.0,0.0,8.0,0.0,0.0,0.0,0.0,0.0,0.0,0.0,0.0,0.0,
6_anudeep#SA_3_motion_29.mp4 #0.0#0.0,0.0,0.0,0.0,0.0,0.0,0.0,0.0,0.0,0.0,0.0,0.0,0.0,0.0,0.0,0.0,0.0,0.0,0.0,0.0,0.0,0.0,0.0,0.0,0.0,0.0,0.0,18.0,1.0,0.0,0.0,0.0,0.0,0.0,0.0,1.0,80.0,0.0,0.0,0.0,0.0,0.0,0.0,0.0,0.0,0.0,0.0,0.0,0.0,0.0,0.0,0.0,0.0,0.0,0.0,0.0,0.0,0.0,0.0,0.0,0.0,0.0,0.0,0.0,
6_anudeep#SB_2_motion_19.mp4 #0.0#0.0,0.0,0.0,0.0,0.0,0.0,0.0,0.0,0.0,0.0,0.0,0.0,0.0,0.0,0.0,0.0,0.0,0.0,0.0,0.0,0.0,0.0,0.0,0.0,0.0,0.0,0.0,0.0,0.0,0.0,0.0,0.0,0.0,0.0,0.0,0.0,0.0,0.0,0.0,0.0,0.0,0.0,0.0,0.0,0.0,0.0,0.0,0.0,0.0,0.0,0.0,0.0,0.0,1.0,109.0,0.0,0.0,0.0,0.0,0.0,0.0,0.0,0.0,0.0,
6_anudeep#SB_3_motion_14.mp4 #0.0#60.0,1.0,0.0,0.0,0.0,0.0,0.0,0.0,0.0,1.0,1.0,0.0,0.0,0.0,0.0,0.0,0.0,0.0,81.0,1.0,1.0,0.0,0.0,0.0,0.0,0.0,1.0,1.0,0.0,0.0,0.0,1.0,0.0,0.0,0.0,1.0,92.0,0.0,0.0,0.0,0.0,0.0,0.0,0.0,1.0,3.0,0.0,0.0,0.0,0.0,0.0,0.0,0.0,0.0,0.0,0.0,1.0,0.0,0.0,0.0,0.0,0.0,0.0,70.0,
6_anudeep#SB_PoolShot_3.mp4 #0.0#27.0,2.0,0.0,0.0,0.0,0.0,0.0,0.0,0.0,152.0,1.0,2.0,0.0,0.0,1.0,0.0,0.0,2.0,77.0,0.0,1.0,0.0,0.0,0.0,0.0,0.0,1.0,0.0,2.0,0.0,0.0,0.0,1.0,0.0,1.0,1.0,92.0,1.0,0.0,0.0,0.0,0.0,1.0,0.0,1.0,63.0,0.0,0.0,0.0,0.0,0.0,0.0,0.0,1.0,82.0,0.0,0.0,0.0,0.0,0.0,0.0,0.0,0.0,0.0,
6_anudeep#SC_3_motion_3.mp4 #0.0#52.0,0.0,0.0,0.0,0.0,0.0,0.0,2.0,2.0,31.0,0.0,0.0,0.0,0.0,0.0,0.0,0.0,2.0,21.0,0.0,1.0,0.0,0.0,0.0,0.0,0.0,2.0,41.0,0.0,0.0,0.0,0.0,0.0,0.0,1.0,3.0,44.0,0.0,0.0,0.0,0.0,0.0,0.0,0.0,3.0,44.0,0.0,0.0,0.0,0.0,0.0,0.0,0.0,2.0,33.0,0.0,0.0,0.0,0.0,0.0,0.0,0.0,2.0,15.0,
6_anudeep#SC_3_motion_8.mp4 #0.0#13.0,0.0,0.0,0.0,0.0,0.0,0.0,4.0,4.0,38.0,0.0,0.0,0.0,0.0,0.0,1.0,0.0,5.0,79.0,0.0,0.0,0.0,0.0,0.0,0.0,0.0,5.0,66.0,0.0,0.0,0.0,0.0,0.0,0.0,0.0,6.0,60.0,0.0,0.0,1.0,0.0,0.0,0.0,0.0,6.0,86.0,0.0,0.0,0.0,0.0,0.0,0.0,0.0,5.0,41.0,0.0,0.0,0.0,0.0,0.0,1.0,0.0,5.0,8.0,
6_anudeep#SD_MixedMotion_10.mp4 #0.0#76.0,1.0,0.0,0.0,0.0,0.0,0.0,1.0,1.0,50.0,2.0,0.0,0.0,0.0,0.0,0.0,0.0,2.0,28.0,1.0,1.0,0.0,0.0,0.0,0.0,0.0,1.0,88.0,1.0,0.0,0.0,0.0,0.0,0.0,1.0,1.0,12.0,1.0,0.0,0.0,0.0,0.0,0.0,0.0,1.0,2.0,1.0,0.0,0.0,0.0,0.0,0.0,0.0,1.0,54.0,1.0,1.0,0.0,0.0,0.0,0.0,0.0,0.0,5.0,
6_natraj#SA_2_motion_11.mp4 #0.0#0.0,0.0,0.0,0.0,0.0,0.0,0.0,0.0,0.0,0.0,0.0,0.0,0.0,0.0,0.0,0.0,0.0,0.0,0.0,0.0,0.0,0.0,0.0,0.0,0.0,0.0,0.0,34.0,1.0,0.0,0.0,0.0,0.0,0.0,0.0,1.0,51.0,0.0,0.0,0.0,0.0,0.0,0.0,0.0,0.0,0.0,0.0,0.0,0.0,0.0,0.0,0.0,0.0,0.0,0.0,0.0,0.0,0.0,0.0,0.0,0.0,0.0,0.0,0.0,
6_natraj#SA_2_motion_27.mp4 #0.0#0.0,0.0,0.0,0.0,0.0,0.0,0.0,0.0,0.0,0.0,0.0,0.0,0.0,0.0,0.0,0.0,0.0,0.0,0.0,0.0,0.0,0.0,0.0,0.0,0.0,0.0,0.0,16.0,1.0,0.0,0.0,0.0,0.0,0.0,0.0,0.0,80.0,1.0,0.0,0.0,0.0,0.0,0.0,0.0,0.0,61.0,0.0,0.0,0.0,0.0,0.0,0.0,0.0,0.0,0.0,0.0,0.0,0.0,0.0,0.0,0.0,0.0,0.0,0.0,
6_natraj#SA_3_motion_29.mp4 #0.0#0.0,0.0,0.0,0.0,0.0,0.0,0.0,0.0,0.0,0.0,0.0,0.0,0.0,0.0,0.0,0.0,0.0,0.0,0.0,0.0,0.0,0.0,0.0,0.0,0.0,0.0,0.0,74.0,1.0,0.0,0.0,0.0,0.0,0.0,0.0,1.0,17.0,0.0,0.0,0.0,0.0,0.0,0.0,0.0,0.0,0.0,0.0,0.0,0.0,0.0,0.0,0.0,0.0,0.0,0.0,0.0,0.0,0.0,0.0,0.0,0.0,0.0,0.0,0.0,
6_natraj#SB_2_motion_19.mp4 #0.0#0.0,0.0,0.0,0.0,0.0,0.0,0.0,0.0,0.0,0.0,0.0,0.0,0.0,0.0,0.0,0.0,0.0,0.0,0.0,0.0,0.0,0.0,0.0,0.0,0.0,0.0,0.0,0.0,0.0,0.0,0.0,0.0,0.0,0.0,0.0,0.0,0.0,0.0,0.0,0.0,0.0,0.0,0.0,0.0,0.0,0.0,0.0,0.0,0.0,0.0,0.0,0.0,0.0,0.0,78.0,0.0,0.0,0.0,0.0,0.0,0.0,0.0,0.0,0.0,
6_natraj#SB_3_motion_14.mp4 #0.0#0.0,0.0,0.0,1.0,0.0,0.0,0.0,0.0,0.0,48.0,0.0,0.0,1.0,0.0,0.0,0.0,0.0,1.0,2.0,0.0,0.0,0.0,0.0,0.0,0.0,0.0,2.0,57.0,0.0,0.0,0.0,0.0,0.0,0.0,0.0,1.0,79.0,0.0,1.0,0.0,0.0,0.0,0.0,0.0,0.0,0.0,0.0,0.0,0.0,0.0,0.0,0.0,0.0,0.0,0.0,1.0,1.0,0.0,0.0,0.0,0.0,0.0,0.0,82.0,
6_natraj#SB_PoolShot_3.mp4 #0.0#68.0,0.0,0.0,1.0,0.0,0.0,0.0,0.0,0.0,81.0,0.0,0.0,0.0,0.0,1.0,1.0,0.0,1.0,20.0,0.0,0.0,0.0,0.0,0.0,0.0,0.0,1.0,58.0,0.0,0.0,0.0,0.0,0.0,0.0,0.0,0.0,23.0,1.0,0.0,0.0,2.0,0.0,0.0,0.0,1.0,67.0,0.0,0.0,0.0,0.0,0.0,0.0,0.0,2.0,74.0,0.0,0.0,0.0,0.0,0.0,0.0,0.0,1.0,0.0,
6_natraj#SC_3_motion_8.mp4 #0.0#41.0,3.0,0.0,0.0,2.0,0.0,0.0,0.0,0.0,30.0,4.0,0.0,0.0,0.0,0.0,0.0,0.0,0.0,26.0,3.0,0.0,0.0,0.0,0.0,0.0,0.0,0.0,13.0,4.0,0.0,0.0,0.0,1.0,1.0,0.0,1.0,12.0,3.0,0.0,0.0,0.0,0.0,0.0,0.0,0.0,20.0,4.0,0.0,0.0,0.0,0.0,0.0,0.0,0.0,32.0,4.0,4.0,0.0,0.0,0.0,0.0,0.0,0.0,73.0,
6_natraj#SD_MixedMotion_10.mp4 #0.0#60.0,1.0,0.0,0.0,0.0,0.0,0.0,1.0,1.0,47.0,1.0,0.0,0.0,0.0,0.0,0.0,0.0,1.0,53.0,1.0,0.0,0.0,0.0,0.0,0.0,0.0,1.0,33.0,1.0,0.0,0.0,0.0,0.0,0.0,0.0,1.0,20.0,1.0,0.0,0.0,0.0,0.0,0.0,0.0,1.0,25.0,1.0,0.0,0.0,0.0,0.0,0.0,0.0,1.0,24.0,0.0,0.0,0.0,0.0,0.0,0.0,0.0,0.0,1.0,
