B_PV_9_Shot_262 .avi.txt#B_PV_9_Shot_262#70.0#97.0684050645,75.5381337657,45.0,54.9446527353,129.181519852,79.3414762104,-90.0,27.9597465657,127.817804736,51.2515480215,-180.0,24.1355455887,
B_PV_9_Shot_262 .avi.txt#B_PV_9_Shot_262#95.0#105.853058824,56.6039583333,0.0,28.0644828597,
B_PV_12_Shot_1537 .avi.txt#B_PV_12_Shot_1537#2.0#43.3308002196,75.74419164,0.0,78.8165373156,134.87620765,68.0563372558,-45.0,101.380551831,118.574931831,22.0270492344,-180.0,141.311922384,
B_PV_12_Shot_1710 .avi.txt#B_PV_12_Shot_1710#2.0#83.7937164829,85.9423807718,0.0,21.6251873784,110.95526853,94.5589384359,0.0,22.6325719911,156.309777562,78.7575311564,-45.0,59.6701782134,185.432389067,27.5164137246,-135.0,46.8513427868,169.867821159,29.3795765715,90.0,60.3710707266,
B_PV_12_Shot_1710 .avi.txt#B_PV_12_Shot_1710#77.0#12.3590464212,21.3269807692,135.0,47.6844774568,7.18390980519,34.8146858974,0.0,42.7585058477,
B_PV_7_Shot_1315 .avi.txt#B_PV_7_Shot_1315#3.0#119.444659026,43.6475541291,-135.0,25.7207888813,160.905890164,15.4682564882,0.0,52.032806839,154.913059861,63.7520516833,90.0,86.0618003433,
B_PV_7_Shot_1315 .avi.txt#B_PV_7_Shot_1315#119.0#104.078479638,96.3399038462,135.0,31.9962660579,
B_PV_8_Shot_1084 .avi.txt#B_PV_8_Shot_1084#28.0#166.520107226,34.6967960297,-135.0,73.3082150464,91.3894662746,50.6771591427,135.0,144.438382788,
B_PV_8_Shot_1084 .avi.txt#B_PV_8_Shot_1084#2.0#92.0922589511,73.6013120797,0.0,139.59222286,196.596235144,97.2944152004,-45.0,60.4647461648,
B_PV_8_Shot_479 .avi.txt#B_PV_8_Shot_479#8.0#36.1861635126,28.8124122633,135.0,78.4394056715,56.1942281031,70.0110787003,0.0,127.534980276,150.453898522,91.212043932,-45.0,68.7584780367,174.640819634,72.0370290636,-180.0,30.1754801482,
B_PV_8_Shot_479 .avi.txt#B_PV_8_Shot_479#5.0#57.5568255505,58.0725308818,90.0,98.9691954162,
B_PV_7_Shot_759 .avi.txt#B_PV_7_Shot_759#4.0#16.4149794253,56.7072536259,-90.0,92.8456551913,122.028883827,39.7806738349,0.0,142.820953351,
B_PV_7_Shot_759 .avi.txt#B_PV_7_Shot_759#37.0#23.6526764706,22.51246875,90.0,41.6083488319,
B_PV_2_Shot_1383 .avi.txt#B_PV_2_Shot_1383#2.0#9.19582493572,42.8048829126,-90.0,38.0437820467,33.9709065496,14.0091812072,-45.0,26.5843311471,127.165541775,28.4087694623,0.0,125.179220972,161.918082472,72.4101061285,135.0,57.1862342542,91.4141102651,69.0922264433,-180.0,93.8223096241,
B_PV_2_Shot_294 .avi.txt#B_PV_2_Shot_294#3.0#113.113075495,40.8375669138,45.0,46.9025021959,133.993346888,82.8442295467,0.0,39.4487412654,171.391385845,86.2604529206,-90.0,33.3751043699,161.911003217,37.589982546,-135.0,66.9711233661,81.564708766,48.942681625,135.0,142.083335231,
B_PV_9_Shot_1337 .avi.txt#B_PV_9_Shot_1337#124.0#59.3297091549,40.4744059656,-180.0,56.298631853,28.4451440786,78.2878311965,0.0,81.7137405648,115.394733699,64.3491767868,-45.0,143.022219076,176.734050052,15.1331546549,-180.0,27.8239007529,141.531707337,15.6710028911,135.0,41.5630138937,
B_PV_2_Shot_155 .avi.txt#B_PV_2_Shot_155#3.0#49.2271536971,29.9887140971,-45.0,77.0589589289,126.365756956,41.5856962343,0.0,99.8585596514,164.882796376,55.2152804754,-135.0,80.8049381897,
B_PV_2_Shot_155 .avi.txt#B_PV_2_Shot_155#38.0#115.961830081,73.219506909,135.0,127.189080346,
B_PV_9_Shot_245 .avi.txt#B_PV_9_Shot_245#4.0#31.9917492872,11.3312058212,135.0,38.3691659819,61.3338103438,65.4886493497,0.0,117.223428963,138.698807726,83.9317108591,-45.0,74.9885761206,159.197929564,33.6330437523,-180.0,65.3925732088,
B_PV_9_Shot_245 .avi.txt#B_PV_9_Shot_245#140.0#
B_PV_8_Shot_1904 .avi.txt#B_PV_8_Shot_1904#2.0#15.6099405594,47.6424636291,-135.0,35.7543976567,26.1323211839,9.02289475034,-45.0,41.5685161775,117.87058126,37.1900078846,0.0,150.378249018,168.018229308,87.7789198391,135.0,41.853776624,
I_PV_8_Shot_1005 .avi.txt#I_PV_8_Shot_1005#1.0#70.0349771386,59.3536842129,135.0,41.8369195845,28.2183004199,75.4246908062,135.0,47.7160666726,15.7915821406,90.0835467181,0.0,35.5414498416,49.9397848462,93.5733835438,-45.0,33.3412808436,78.6056112409,68.3150428542,-90.0,41.4758512431,
I_PV_9_Shot_1455 .avi.txt#I_PV_9_Shot_1455#37.0#33.2720716059,58.5355447895,135.0,84.4484739614,100.034100397,59.6009482724,-45.0,180.268715808,
I_PV_9_Shot_1455 .avi.txt#I_PV_9_Shot_1455#34.0#87.0273802873,17.1350348647,-90.0,22.1462234688,
I_PV_8_Shot_2028 .avi.txt#I_PV_8_Shot_2028#2.0#54.040104942,34.7995236275,135.0,46.5735396942,15.5978493858,50.8012640541,90.0,30.5200772306,3.79491927682,87.1587069174,45.0,21.5680157058,71.5056431849,54.9257166087,-45.0,125.213507366,
I_PV_8_Shot_2028 .avi.txt#I_PV_8_Shot_2028#13.0#11.1355029223,28.058666763,-180.0,25.2441937588,11.1159042977,9.98367392917,-45.0,29.8319516511,38.9353856467,6.64170087964,0.0,23.910684979,
I_PV_8_Shot_1276 .avi.txt#I_PV_8_Shot_1276#1.0#75.0418544192,60.0196835019,135.0,29.3759321361,33.2059610115,71.0646895001,135.0,44.1846566997,16.8110027055,74.4063309398,-90.0,58.4177457355,
I_PV_8_Shot_1276 .avi.txt#I_PV_8_Shot_1276#17.0#36.1944495367,30.3438428009,-135.0,52.3954544959,
I_PV_2_Shot_255 .avi.txt#I_PV_2_Shot_255#19.0#18.8329342742,77.4539018789,-135.0,36.3550379306,
I_PV_2_Shot_255 .avi.txt#I_PV_2_Shot_255#19.0#11.7558091099,84.4679857272,-180.0,32.0777976686,6.27924971361,62.5314742728,-90.0,24.8147230193,
I_PV_2_Shot_1439 .avi.txt#I_PV_2_Shot_1439#2.0#21.1655476528,66.4516888275,135.0,34.1490716057,18.1465177145,88.9223027313,0.0,34.2512096049,
I_PV_2_Shot_1439 .avi.txt#I_PV_2_Shot_1439#12.0#
I_PV_12_Shot_1512 .avi.txt#I_PV_12_Shot_1512#2.0#23.2220463519,69.8603608945,90.0,44.0976142809,
I_PV_12_Shot_1512 .avi.txt#I_PV_12_Shot_1512#114.0#
I_PV_9_Shot_512 .avi.txt#I_PV_9_Shot_512#4.0#42.4832633032,55.1474533928,90.0,54.258423363,6.78292812832,86.7331086781,-135.0,20.604423479,19.6974638795,40.999351583,-90.0,82.2759126147,
I_PV_9_Shot_512 .avi.txt#I_PV_9_Shot_512#26.0#
I_PV_2_Shot_32 .avi.txt#I_PV_2_Shot_32#2.0#37.9400357164,46.4690629067,90.0,110.904847276,16.3031595707,51.4954524578,-90.0,93.2438590433,
I_PV_2_Shot_32 .avi.txt#I_PV_2_Shot_32#18.0#186.312899342,95.9355183365,0.0,20.1419475407,
I_PV_8_Shot_2004 .avi.txt#I_PV_8_Shot_2004#1.0#57.9365918859,-3.40936807487,-180.0,60.9463494725,11.1309283069,25.7717318935,0.0,36.0845970897,
I_PV_8_Shot_2004 .avi.txt#I_PV_8_Shot_2004#14.0#15.237822139,38.5392124046,90.0,63.1680768174,4.61520346233,79.6915552727,45.0,34.4650382524,63.0434202296,53.4035956723,-90.0,123.502681201,
J_PV_2_Shot_144 .avi.txt#J_PV_2_Shot_144#28.0#159.868743871,27.4232988216,-45.0,44.1161586322,174.172352961,5.94018276527,-180.0,21.072161488,74.7156130537,38.786068395,135.0,177.964942219,
J_PV_2_Shot_144 .avi.txt#J_PV_2_Shot_144#28.0#149.221154668,70.4976467464,45.0,44.0350426439,160.63774056,82.5991892106,-90.0,31.4306102131,
J_PV_8_Shot_1105 .avi.txt#J_PV_8_Shot_1105#2.0#97.2157312229,69.5291927538,-45.0,40.5185280757,155.378642311,35.4037207338,-45.0,86.2565149451,159.024824987,12.0908619776,135.0,48.8261759859,
J_PV_8_Shot_1228 .avi.txt#J_PV_8_Shot_1228#2.0#120.217049971,82.2345575857,-45.0,21.9878373455,169.860094786,45.2966069361,-90.0,47.2612241955,126.108361163,41.3784729252,135.0,115.880896775,
J_PV_9_Shot_1438 .avi.txt#J_PV_9_Shot_1438#5.0#99.3843329294,36.8586539358,-45.0,157.982320567,184.131430235,27.1219942116,90.0,24.3954591803,
J_PV_9_Shot_1438 .avi.txt#J_PV_9_Shot_1438#53.0#170.858990974,45.4779642857,45.0,25.1289298157,
J_PV_9_Shot_11 .avi.txt#J_PV_9_Shot_11#2.0#88.0013385284,76.4605471043,-45.0,36.5066000582,146.470900065,41.2239504213,-45.0,96.395567818,166.339598265,34.0258573055,90.0,58.2173542897,
J_PV_9_Shot_11 .avi.txt#J_PV_9_Shot_11#5.0#146.647939198,82.2938173527,-90.0,36.5146927536,
J_PV_8_Shot_1196 .avi.txt#J_PV_8_Shot_1196#3.0#102.968858935,86.8812034197,-45.0,53.0047567116,168.81647954,45.9170591894,-90.0,59.4237703996,126.930915488,40.5771561496,135.0,107.85574175,
E_PV_9_Shot_1475 .avi.txt#E_PV_9_Shot_1475#5.0#121.327188636,14.2576710502,-180.0,40.5978813623,65.402122124,14.8952566366,135.0,54.8004502353,
E_PV_9_Shot_1194 .avi.txt#E_PV_9_Shot_1194#2.0#86.0170124408,58.6304344847,-135.0,91.6292380345,61.7662817188,32.7590809593,45.0,56.5456224797,
E_PV_9_Shot_1194 .avi.txt#E_PV_9_Shot_1194#32.0#18.4408136953,9.56946848596,0.0,34.587047633,
E_PV_12_Shot_1019 .avi.txt#E_PV_12_Shot_1019#2.0#18.2101614246,42.3195177495,-90.0,88.5718316215,60.5733418397,7.7129092508,0.0,25.2095044536,
E_PV_12_Shot_1019 .avi.txt#E_PV_12_Shot_1019#21.0#39.3421141568,33.7250227866,45.0,36.4617742971,
E_PV_11_Shot_546 .avi.txt#E_PV_11_Shot_546#3.0#18.5192416001,41.21292995,-180.0,28.1551769505,21.6429190256,48.5514840582,45.0,93.5142286634,35.5213910533,49.0442451458,-90.0,94.5291105886,
E_PV_11_Shot_546 .avi.txt#E_PV_11_Shot_546#2.0#47.6083628597,25.8660743184,-135.0,46.0916417304,31.8183080709,46.7840274544,90.0,91.258122804,
E_PV_8_Shot_1051 .avi.txt#E_PV_8_Shot_1051#15.0#106.912017478,50.065676921,-90.0,100.661599138,139.126886565,41.9599759145,45.0,76.0053974877,
E_PV_8_Shot_1051 .avi.txt#E_PV_8_Shot_1051#16.0#93.1861728306,40.9222385085,-90.0,80.2786440807,
E_PV_8_Shot_763 .avi.txt#E_PV_8_Shot_763#8.0#51.5593698521,24.6050286278,-135.0,41.580744765,54.04101869,47.3756905094,45.0,93.5853220467,
E_PV_12_Shot_136 .avi.txt#E_PV_12_Shot_136#3.0#61.3056667947,15.5272275758,-45.0,35.9788260582,119.615306795,30.4218451105,0.0,102.940511568,
E_PV_12_Shot_136 .avi.txt#E_PV_12_Shot_136#3.0#29.3402186946,18.4250651985,-135.0,29.7169705104,10.2481771254,23.1269523771,90.0,48.4560279006,6.01679808965,74.1290761401,45.0,53.9686612915,
E_PV_12_Shot_1368 .avi.txt#E_PV_12_Shot_1368#14.0#
E_PV_12_Shot_1368 .avi.txt#E_PV_12_Shot_1368#2.0#176.845997095,27.069025645,-90.0,51.9917803906,171.630780309,23.9810615687,90.0,38.4383364732,
E_PV_11_Shot_617 .avi.txt#E_PV_11_Shot_617#2.0#136.603473333,48.1881678065,-135.0,37.4946493584,76.0222639418,22.5206337828,135.0,55.7974575475,22.9884814759,30.0867608487,-180.0,55.8480658377,
E_PV_11_Shot_617 .avi.txt#E_PV_11_Shot_617#69.0#29.4990849673,47.1423333333,135.0,20.8873173558,
E_PV_8_Shot_1296 .avi.txt#E_PV_8_Shot_1296#6.0#42.4041975595,21.1425712111,-90.0,33.9250679697,67.9933795679,19.2646511201,45.0,37.1082754912,
E_PV_8_Shot_1296 .avi.txt#E_PV_8_Shot_1296#22.0#89.6080723982,49.5680769231,45.0,33.8109868888,
E_PV_9_Shot_1108 .avi.txt#E_PV_9_Shot_1108#6.0#85.6495694688,57.7178230406,-135.0,57.1895059085,63.8562861747,49.9889308955,45.0,94.1809154733,
E_PV_9_Shot_1108 .avi.txt#E_PV_9_Shot_1108#30.0#14.5598047415,11.2374281021,-180.0,37.4590056747,29.7522808427,16.2942255564,0.0,54.6827438786,
E_PV_9_Shot_1122 .avi.txt#E_PV_9_Shot_1122#2.0#76.6548476463,89.3322721796,-135.0,30.4089024515,64.3991486067,57.1151117494,-135.0,24.5424566349,64.6497271812,23.7071772075,-90.0,36.7283655656,74.88836203,48.019659335,45.0,90.6825712189,
E_PV_9_Shot_1122 .avi.txt#E_PV_9_Shot_1122#37.0#24.795407362,18.9528240217,-180.0,49.5306919015,
E_PV_2_Shot_833 .avi.txt#E_PV_2_Shot_833#1.0#81.8265217132,51.5354849944,90.0,123.82420711,
E_PV_2_Shot_833 .avi.txt#E_PV_2_Shot_833#19.0#164.323741176,7.014475,-45.0,52.8602470265,
E_PV_12_Shot_1755 .avi.txt#E_PV_12_Shot_1755#8.0#15.5735323692,13.6234167211,-180.0,29.1698813097,14.6688593957,20.954334955,0.0,50.8734303372,
E_PV_12_Shot_1755 .avi.txt#E_PV_12_Shot_1755#9.0#67.489966437,40.7580082785,45.0,87.1982204062,
H_PV_2_Shot_18 .avi.txt#H_PV_2_Shot_18#13.0#174.104562843,42.768606969,45.0,27.7007674838,178.04520771,81.205750381,90.0,23.6778593344,158.518266273,85.6193474527,-135.0,29.2375205103,
H_PV_2_Shot_18 .avi.txt#H_PV_2_Shot_18#2.0#164.002461411,25.7266346919,0.0,46.5981260232,142.777250909,21.9791682758,-180.0,23.7165653413,
H_PV_12_Shot_1702 .avi.txt#H_PV_12_Shot_1702#2.0#160.659869302,89.2395675896,-45.0,21.991885079,80.8242354502,76.7872411713,-180.0,170.45333749,
H_PV_12_Shot_1702 .avi.txt#H_PV_12_Shot_1702#14.0#184.912495307,39.8518366908,-90.0,24.5786557814,180.301248342,14.2919469783,-135.0,24.6840165564,
H_PV_8_Shot_2053 .avi.txt#H_PV_8_Shot_2053#2.0#100.278762278,71.9810008994,-45.0,110.146032613,171.638123542,80.5222089446,0.0,30.2183771173,79.8686990933,55.1914922137,-180.0,198.850753569,
H_PV_8_Shot_2053 .avi.txt#H_PV_8_Shot_2053#56.0#167.675628422,8.69393635969,90.0,25.939932878,
H_PV_8_Shot_1018 .avi.txt#H_PV_8_Shot_1018#23.0#175.001964469,81.9540231974,90.0,38.7465210826,101.316512502,63.8548861619,-180.0,127.386075544,
H_PV_8_Shot_1018 .avi.txt#H_PV_8_Shot_1018#24.0#175.94585098,40.6976666667,-135.0,37.6497036065,
H_PV_12_Shot_1291 .avi.txt#H_PV_12_Shot_1291#18.0#167.910783294,61.4312810227,0.0,36.6310987136,169.92156704,91.0124467733,135.0,30.9547366173,101.550676867,76.8388789613,-180.0,84.2355502604,50.7610828968,63.963278394,135.0,21.2562148959,
H_PV_12_Shot_1291 .avi.txt#H_PV_12_Shot_1291#1.0#116.419662707,48.6085921418,-45.0,43.5902890904,
H_PV_11_Shot_1231 .avi.txt#H_PV_11_Shot_1231#2.0#73.1985163393,42.1588498671,-180.0,156.990837958,9.33669186401,64.0401000402,90.0,69.3092808996,
H_PV_11_Shot_1231 .avi.txt#H_PV_11_Shot_1231#50.0#68.4745546218,77.2254892857,45.0,81.9021389212,
D_PV_8_Shot_451 .avi.txt#D_PV_8_Shot_451#8.0#101.848289837,23.7916919519,-45.0,183.101518186,139.22906531,5.61198189102,-180.0,92.9968619405,
D_PV_8_Shot_451 .avi.txt#D_PV_8_Shot_451#124.0#
D_PV_12_Shot_95 .avi.txt#D_PV_12_Shot_95#2.0#116.506980392,22.2710277778,-45.0,114.874990563,
D_PV_12_Shot_95 .avi.txt#D_PV_12_Shot_95#2.0#105.756105477,77.2646034483,0.0,91.7954282062,
D_PV_2_Shot_1200 .avi.txt#D_PV_2_Shot_1200#2.0#114.490560726,6.55574028432,0.0,94.9458565023,169.406395104,13.326873592,0.0,21.91697988,159.305324238,24.3130081143,135.0,51.515498881,
D_PV_8_Shot_462 .avi.txt#D_PV_8_Shot_462#2.0#124.263895447,20.9538832144,-45.0,124.799457596,137.897746062,5.78575569248,-180.0,93.2884707823,
D_PV_8_Shot_462 .avi.txt#D_PV_8_Shot_462#146.0#
D_PV_12_Shot_1482 .avi.txt#D_PV_12_Shot_1482#3.0#98.1371417118,80.1720343589,-45.0,155.571470705,84.4403682943,47.375049458,-180.0,196.525234616,10.370371115,18.8948610784,-45.0,26.2468331892,
D_PV_8_Shot_879 .avi.txt#D_PV_8_Shot_879#3.0#90.3225880521,60.5180533083,-45.0,109.720122812,164.290503878,63.0962514904,0.0,40.1902051677,91.2820624232,85.5781152914,135.0,192.139289755,
D_PV_9_Shot_539 .avi.txt#D_PV_9_Shot_539#292.0#106.161775519,29.2370855284,-45.0,154.129003829,
D_PV_9_Shot_539 .avi.txt#D_PV_9_Shot_539#199.0#12.6887082328,43.4080410321,-45.0,21.2960589578,
G_PV_12_Shot_165 .avi.txt#G_PV_12_Shot_165#23.0#81.8894177691,35.4446391539,-180.0,167.922721275,51.8184070216,7.95537977215,0.0,81.6644395454,
G_PV_8_Shot_325 .avi.txt#G_PV_8_Shot_325#1.0#52.194834676,24.1855903622,-180.0,88.8285670274,24.3932173873,23.750044178,0.0,57.8061732936,
G_PV_8_Shot_325 .avi.txt#G_PV_8_Shot_325#16.0#
G_PV_11_Shot_92 .avi.txt#G_PV_11_Shot_92#20.0#69.7702555781,3.76417241379,0.0,80.2411386613,
G_PV_11_Shot_92 .avi.txt#G_PV_11_Shot_92#20.0#68.9410957983,61.8712042857,45.0,128.639022456,
C_PV_8_Shot_234 .avi.txt#C_PV_8_Shot_234#2.0#56.1354841992,78.9622937019,-180.0,114.82548777,97.3543961934,72.8177607647,-45.0,189.167755798,
C_PV_8_Shot_234 .avi.txt#C_PV_8_Shot_234#2.0#52.3659184008,19.0116563083,135.0,108.938278081,80.9432002093,21.1294676218,0.0,160.960820262,
C_PV_2_Shot_4 .avi.txt#C_PV_2_Shot_4#9.0#69.2611616151,20.8715627088,135.0,124.083183794,48.1974940802,72.3597031586,0.0,108.603264099,
C_PV_2_Shot_4 .avi.txt#C_PV_2_Shot_4#2.0#160.837819539,18.4738397309,-180.0,24.4945746543,168.053724268,13.674043838,0.0,39.4524921156,
C_PV_2_Shot_1508 .avi.txt#C_PV_2_Shot_1508#2.0#30.1166968248,14.3122454314,135.0,68.4653854238,59.5925115951,71.8106227723,0.0,125.451835758,126.066587233,92.3487855322,-45.0,31.5728539569,
C_PV_2_Shot_1508 .avi.txt#C_PV_2_Shot_1508#37.0#
C_PV_8_Shot_1920 .avi.txt#C_PV_8_Shot_1920#6.0#83.6422173953,80.5561110132,-180.0,161.607948158,55.1177782237,71.9800102082,-45.0,114.760427912,
C_PV_8_Shot_1920 .avi.txt#C_PV_8_Shot_1920#6.0#184.681320683,19.5037741935,-90.0,102.069105359,
C_PV_10_Shot_30 .avi.txt#C_PV_10_Shot_30#34.0#62.5637393654,20.5177594225,135.0,130.524536325,99.3013438514,25.388316114,0.0,187.822271724,
C_PV_10_Shot_30 .avi.txt#C_PV_10_Shot_30#2.0#63.0977990546,78.8084586046,-180.0,129.340720459,78.7124203219,78.3769447758,-45.0,162.890589105,
C_PV_8_Shot_1880 .avi.txt#C_PV_8_Shot_1880#17.0#95.9214640229,63.7227357608,135.0,176.222224936,37.3541437689,72.030362579,0.0,74.6506393632,
C_PV_8_Shot_1880 .avi.txt#C_PV_8_Shot_1880#50.0#-0.896652663373,3.48334717391,-180.0,39.4991614963,
C_PV_8_Shot_831 .avi.txt#C_PV_8_Shot_831#2.0#17.6020998375,54.3517897694,135.0,21.4872345314,28.4348947376,85.3841411305,0.0,51.5988182698,103.768030943,79.106040331,-45.0,78.4345172478,169.401331373,61.5339174421,-90.0,23.2464128753,189.238097619,41.933669569,-45.0,33.0123462657,
C_PV_8_Shot_831 .avi.txt#C_PV_8_Shot_831#80.0#165.26938414,22.3069071335,-135.0,50.040622435,
C_PV_8_Shot_629 .avi.txt#C_PV_8_Shot_629#36.0#98.5685051899,38.2214385703,-45.0,183.395896335,
C_PV_8_Shot_629 .avi.txt#C_PV_8_Shot_629#26.0#27.6323900088,36.0387321102,135.0,35.73149296,12.3160061901,75.4617606359,45.0,49.8241791177,
C_PV_9_Shot_1166 .avi.txt#C_PV_9_Shot_1166#78.0#159.553133309,34.0521568122,0.0,34.6767369853,78.3625504818,31.6177505174,-180.0,175.512117989,85.7099573897,19.4987668042,-45.0,174.249314551,
C_PV_7_Shot_762 .avi.txt#C_PV_7_Shot_762#32.0#58.6490350428,19.0377567436,-45.0,73.036289732,46.6998013379,29.7487461483,135.0,88.8658861768,
C_PV_7_Shot_762 .avi.txt#C_PV_7_Shot_762#4.0#80.1689291022,72.399479118,-180.0,145.670768925,15.1625555033,18.0564063313,-90.0,31.5447380244,
C_PV_9_Shot_1177 .avi.txt#C_PV_9_Shot_1177#2.0#76.3791254252,31.1288684401,-180.0,155.650461033,75.879412241,20.1585698038,-45.0,144.637531835,
C_PV_9_Shot_1177 .avi.txt#C_PV_9_Shot_1177#42.0#47.3414789916,1.49339285714,-180.0,40.2302200661,
C_PV_7_Shot_709 .avi.txt#C_PV_7_Shot_709#2.0#58.5552977366,20.1848803299,135.0,119.413021611,93.2871082816,26.0936940846,0.0,182.414640459,
C_PV_7_Shot_709 .avi.txt#C_PV_7_Shot_709#12.0#64.6021818415,85.2870078277,-180.0,132.754688541,86.2987562888,81.3265757444,-45.0,171.50329211,
C_PV_9_Shot_658 .avi.txt#C_PV_9_Shot_658#98.0#63.4698210206,60.0294270922,135.0,116.237892285,48.7428740073,88.4674386686,0.0,101.462931381,
C_PV_2_Shot_990 .avi.txt#C_PV_2_Shot_990#2.0#64.5519714641,61.9275630802,-180.0,124.549450557,17.9326015259,47.3949074218,0.0,40.0077352257,
C_PV_2_Shot_990 .avi.txt#C_PV_2_Shot_990#36.0#22.1500506711,17.4931313761,-45.0,55.6513704633,63.5322297368,8.56460557521,0.0,32.4214406685,
F_PV_11_Shot_394 .avi.txt#F_PV_11_Shot_394#2.0#42.1602859231,69.5922299782,45.0,43.7952656194,121.792659537,47.1112168696,-45.0,158.017369858,
F_PV_9_Shot_524 .avi.txt#F_PV_9_Shot_524#18.0#87.7381221447,48.5471544212,90.0,108.267927099,37.0689363155,69.5364519315,-135.0,57.2061536755,
F_PV_9_Shot_848 .avi.txt#F_PV_9_Shot_848#3.0#56.7444641909,37.676239267,90.0,32.3986892084,60.086002184,77.5258309816,45.0,40.9049460292,79.2131784311,74.0006578012,-90.0,47.9371287108,
F_PV_11_Shot_249 .avi.txt#F_PV_11_Shot_249#1.0#70.4432161236,80.7816485316,90.0,36.716927615,26.2064938865,45.7584919572,-135.0,108.817194257,
F_PV_11_Shot_249 .avi.txt#F_PV_11_Shot_249#24.0#
F_PV_9_Shot_72 .avi.txt#F_PV_9_Shot_72#14.0#76.8025988159,61.3358366857,45.0,42.5118051284,61.0970946108,52.0285505372,-135.0,92.1367928022,
F_PV_9_Shot_72 .avi.txt#F_PV_9_Shot_72#1.0#158.350824266,9.27159519975,-45.0,127.21618663,
F_PV_9_Shot_877 .avi.txt#F_PV_9_Shot_877#47.0#57.5042347824,38.541972297,90.0,49.6948333426,58.930875157,79.829415348,45.0,26.2455151395,85.0022379823,63.0596953361,-90.0,78.8673212514,
F_PV_9_Shot_877 .avi.txt#F_PV_9_Shot_877#1.0#121.290480269,58.4641575321,0.0,27.0234070939,127.464127931,81.0002634605,90.0,25.4850154767,94.8309842898,63.4503999343,-135.0,60.906462238,
F_PV_11_Shot_375 .avi.txt#F_PV_11_Shot_375#33.0#48.4621109271,59.8580609772,90.0,78.9552904891,26.1563475592,51.7017045169,-135.0,99.4601535678,11.1846867107,30.4544646484,90.0,61.126083091,
F_PV_11_Shot_375 .avi.txt#F_PV_11_Shot_375#37.0#141.836623952,28.8588541667,0.0,93.0617600825,
F_PV_8_Shot_2137 .avi.txt#F_PV_8_Shot_2137#3.0#83.6437181593,73.2063849838,90.0,39.044174451,73.7785718356,72.2745000694,-135.0,46.8246139888,
F_PV_8_Shot_2137 .avi.txt#F_PV_8_Shot_2137#19.0#6.12344272446,59.9951026316,-90.0,56.1544877623,
F_PV_8_Shot_1799 .avi.txt#F_PV_8_Shot_1799#2.0#77.7920386785,30.1507331144,90.0,63.5340670201,66.1020347875,64.7829066274,-90.0,69.9568276897,
F_PV_8_Shot_1758 .avi.txt#F_PV_8_Shot_1758#1.0#68.5909714294,44.9418126315,90.0,44.6133713162,57.2077334819,81.7381263465,45.0,22.3381126876,68.5891869649,47.4009673261,-90.0,97.0809902645,
F_PV_2_Shot_896 .avi.txt#F_PV_2_Shot_896#10.0#151.921409069,50.0637221279,90.0,92.1992289172,132.128680667,59.5659692168,-135.0,65.5760979775,
F_PV_2_Shot_896 .avi.txt#F_PV_2_Shot_896#42.0#
F_PV_7_Shot_902 .avi.txt#F_PV_7_Shot_902#37.0#156.519615998,68.704182622,-45.0,55.4051612878,168.049546572,24.3632499564,-135.0,38.7523697839,
F_PV_7_Shot_902 .avi.txt#F_PV_7_Shot_902#4.0#113.81685222,58.9470917643,45.0,81.0013239936,112.815923871,77.6057377639,-135.0,26.5925410275,
F_PV_8_Shot_1563 .avi.txt#F_PV_8_Shot_1563#2.0#139.783834382,83.0464614447,90.0,24.2254935624,58.1166087523,63.1184253816,-180.0,145.993561668,
F_PV_8_Shot_1563 .avi.txt#F_PV_8_Shot_1563#82.0#
F_PV_11_Shot_821 .avi.txt#F_PV_11_Shot_821#2.0#22.4441575861,37.184049598,45.0,53.3527428288,24.9381472248,83.4087644473,90.0,22.9936999472,10.2071140099,84.6439564811,-135.0,31.8520786418,
F_PV_12_Shot_346 .avi.txt#F_PV_12_Shot_346#10.0#141.668463714,70.3962088185,90.0,52.6880145638,104.857222742,72.5141562916,-135.0,60.1022136271,
F_PV_8_Shot_1171 .avi.txt#F_PV_8_Shot_1171#2.0#76.0485421771,72.8250971298,0.0,149.98859137,
F_PV_2_Shot_1562 .avi.txt#F_PV_2_Shot_1562#2.0#51.8258518695,65.3037696425,0.0,124.413987029,132.283200807,91.2728500966,-45.0,26.569947277,
F_PV_2_Shot_1562 .avi.txt#F_PV_2_Shot_1562#54.0#155.174923585,68.2244937953,-180.0,34.4942326017,
F_PV_2_Shot_320 .avi.txt#F_PV_2_Shot_320#14.0#104.688622921,55.8740381298,-135.0,100.425607256,62.4636670927,35.0634545038,90.0,65.8888627422,
F_PV_2_Shot_320 .avi.txt#F_PV_2_Shot_320#15.0#165.428491528,88.0300431327,0.0,38.8265521161,171.768531296,97.0076423664,135.0,23.4100367379,
F_PV_2_Shot_1516 .avi.txt#F_PV_2_Shot_1516#8.0#120.803775022,76.2136543809,90.0,52.0223517964,92.8308708201,89.0920973767,-180.0,25.6617011516,
F_PV_2_Shot_1516 .avi.txt#F_PV_2_Shot_1516#2.0#135.773087937,44.8971381303,45.0,29.6575059772,
F_PV_11_Shot_475 .avi.txt#F_PV_11_Shot_475#2.0#133.52760292,60.4927001746,90.0,68.1246041035,
F_PV_11_Shot_475 .avi.txt#F_PV_11_Shot_475#62.0#
F_PV_11_Shot_488 .avi.txt#F_PV_11_Shot_488#2.0#133.480131813,60.375086833,90.0,67.7120971202,
F_PV_11_Shot_488 .avi.txt#F_PV_11_Shot_488#44.0#
