2_himanshu#B_PV_9_Shot_262.mp4 #0.0#92.4437151694,77.9607458255,90.0,38.7279828758,46.2174099606,73.6519032554,-180.0,80.55111093,22.8714767824,15.4125140796,-90.0,67.532765202,82.8918493171,32.3968342377,45.0,117.047890731,
2_himanshu#C_PV_7_Shot_709.mp4 #0.0#72.9173541858,21.4688758055,135.0,153.115167894,96.9019508778,21.4792415062,-45.0,180.463465983,
2_himanshu#B_PV_9_Shot_262.mp4 #0.0#92.4437151694,77.9607458255,90.0,38.7279828758,46.2174099606,73.6519032554,-180.0,80.55111093,22.8714767824,15.4125140796,-90.0,67.532765202,82.8918493171,32.3968342377,45.0,117.047890731,
2_himanshu#C_PV_7_Shot_709.mp4 #0.0#72.9173541858,21.4688758055,135.0,153.115167894,96.9019508778,21.4792415062,-45.0,180.463465983,
2_himanshu#D_PV_12_Shot_95.mp4 #0.0#107.97392218,70.3052109895,-45.0,178.461264686,
2_himanshu#F_PV_2_Shot_320.mp4 #0.0#136.11217849,39.2927782598,45.0,52.4805702767,132.195687947,80.1399758673,90.0,33.0474385504,89.7591386117,41.7116211678,-135.0,106.035148944,57.606763389,17.5467509138,90.0,32.1927787881,
2_himanshu#F_PV_8_Shot_1563.mp4 #0.0#138.896174509,58.3589664285,90.0,49.1614502111,57.2062391976,51.0777279319,-180.0,143.266704051,
2_himanshu#G_PV_8_Shot_325.mp4 #0.0#65.4411590743,17.9281193477,-180.0,118.637722192,36.0323854699,34.9762439933,0.0,57.7295026895,
2_himanshu#H_PV_2_Shot_18.mp4 #0.0#136.013135152,25.0405846582,0.0,32.1208172435,178.042069688,69.8472493113,45.0,26.8843826086,151.303805874,84.6303369399,-135.0,28.6002770827,
2_himanshu#I_PV_2_Shot_32.mp4 #0.0#105.529099743,22.7895449685,-180.0,105.216639427,44.911153314,35.2915144365,90.0,104.250846928,17.5263537857,55.6437915654,-90.0,60.7182177207,
3_akshita#C_PV_2_Shot_990.mp4 #1.0#42.9599622842,10.1424900884,-45.0,34.4687479085,74.2290019325,7.11295738798,0.0,29.7820081033,
3_akshita#D_PV_2_Shot_1200.mp4 #0.0#73.9284082219,10.1190513219,-45.0,94.4555789437,129.974269168,15.2309876106,0.0,31.8754315922,124.751995309,25.6352123824,135.0,46.0296864058,
3_akshita#E_PV_8_Shot_763.mp4 #0.0#102.584795695,64.3846697935,-180.0,63.025992377,72.9899322285,43.4931088636,45.0,58.8596533034,
3_akshita#F_PV_2_Shot_1516.mp4 #0.0#120.58110652,22.8422911493,45.0,39.3117471945,119.25915798,66.0342869248,90.0,30.6762868015,
3_akshita#F_PV_2_Shot_896.mp4 #0.0#109.33227518,30.4449836222,-90.0,77.7885447788,113.850145878,42.6947478666,90.0,62.7235076099,97.3598484232,48.1103266212,-90.0,66.900864984,
3_akshita#H_PV_8_Shot_1018.mp4 #0.0#113.033438939,35.4012077014,0.0,110.377120146,126.990332384,74.0696211919,135.0,73.3299647305,67.7040749894,48.9565304472,-135.0,73.3638856972,
5_pruthwik#B_PV_7_Shot_1315.mp4 #0.0#110.086744236,62.0852561231,-135.0,71.701447859,114.244669866,9.38642989483,-90.0,57.9406026138,155.673843958,8.63283008149,0.0,60.4960277165,164.505692157,58.4528389623,90.0,59.7381737448,
5_pruthwik#C_PV_8_Shot_234.mp4 #0.0#84.1329309357,76.5619304363,-180.0,171.515491094,100.321248754,59.9539420189,-45.0,177.519099301,
5_pruthwik#D_PV_8_Shot_462.mp4 #0.0#100.598341712,36.7074805251,-45.0,185.912295399,141.779805534,13.260944623,-180.0,84.9449608908,
5_pruthwik#E_PV_9_Shot_1108.mp4 #0.0#88.8258176928,42.1154295826,-180.0,181.442359459,44.9050569683,7.57604328588,-45.0,72.1578106757,80.8901434222,44.8669200865,45.0,84.2255926709,
5_pruthwik#H_PV_11_Shot_1231.mp4 #0.0#81.0097916883,53.1126560098,-180.0,181.468069224,32.4875523452,10.4741168045,-45.0,75.8594424277,47.6342803084,40.213761898,90.0,106.775048235,
3_litton#B_PV_2_Shot_155.mp4 #0.0#29.3638276304,37.3962171702,-90.0,115.23312835,80.2538416799,33.5279938376,45.0,103.415512095,137.349277111,45.3140717788,-90.0,108.069907114,
3_litton#C_PV_2_Shot_990.mp4 #1.0#7.7610633334,-3.57585892847,-45.0,20.0526290368,44.715782236,-14.1002852122,-45.0,58.9743846681,
3_litton#D_PV_2_Shot_1200.mp4 #0.0#85.5090152297,0.195622416244,0.0,152.936971501,164.533777835,8.63359614695,0.0,25.6396837788,159.96523174,15.6520190516,-180.0,48.9333351447,171.384644294,-8.24039624981,-45.0,28.4014842333,
3_litton#E_PV_8_Shot_763.mp4 #0.0#106.103519307,51.0575638013,-180.0,131.051157403,59.7456242243,6.41433070694,-135.0,37.458871897,43.3734808797,41.9499256343,90.0,110.819021982,
3_litton#F_PV_2_Shot_1516.mp4 #0.0#96.4409920225,14.7694085516,45.0,64.8030578928,111.350428621,68.3842268188,90.0,42.6064533576,92.988071803,75.886305108,-135.0,28.867217909,
3_litton#F_PV_2_Shot_896.mp4 #0.0#95.470586908,21.110681087,-90.0,77.8374354944,130.022409616,33.2423171484,45.0,91.3981248681,124.77915393,78.3086009623,-135.0,29.0436559873,109.644707314,53.305467556,-135.0,28.4705909826,
3_litton#I_PV_2_Shot_255.mp4 #0.0#88.8501632185,60.1868239986,135.0,153.361378116,19.3161339722,81.114682794,-180.0,39.9580482468,13.7480632718,45.2140028054,-45.0,35.1805561404,
3_ameya4#B_PV_2_Shot_155.mp4 #0.0#55.7345531491,36.8869085773,-45.0,108.378611686,107.66011749,47.7601017009,45.0,90.3139703807,129.560117251,36.8638612698,-90.0,87.0621166751,
3_ameya4#C_PV_2_Shot_990.mp4 #0.0#97.0440644349,52.0425133689,-180.0,99.8916801707,88.7493645371,39.6151817957,-45.0,113.220195999,
3_ameya4#E_PV_8_Shot_763.mp4 #0.0#80.1488224442,56.8593640988,-180.0,84.464478098,55.2976621242,17.4201719829,-90.0,44.5917075029,64.2301387282,37.7545033382,90.0,85.8920162107,
3_ameya4#F_PV_2_Shot_1516.mp4 #0.0#100.466743208,24.5635110961,0.0,76.2802501021,102.788355433,78.4301847105,135.0,64.5520029231,
3_ameya4#F_PV_2_Shot_896.mp4 #0.0#83.6949296278,33.2085297942,-45.0,88.0733050436,118.215246538,53.1427728395,90.0,99.4227457795,80.0827329504,39.2126498327,-135.0,116.653372065,
4_surya#B_PV_2_Shot_294.mp4 #0.0#99.0590935688,5.13800285691,90.0,26.6052829889,106.856105223,63.9423178479,45.0,69.2703557671,149.262360813,82.3621226227,-45.0,52.3139597987,159.304193529,38.5400678309,-180.0,53.1901291472,107.104438769,6.90185585642,-180.0,51.5198417841,66.7157779131,11.9445791255,90.0,58.6037923989,38.3783540945,55.4411037672,90.0,35.094349141,
4_surya#B_PV_7_Shot_759.mp4 #0.0#44.8685745425,41.3517482628,-90.0,109.733511537,136.109735465,26.4656953102,0.0,130.492141047,160.523810926,69.5931157555,135.0,60.6753505916,
4_surya#D_PV_8_Shot_451.mp4 #0.0#107.491419648,33.1279697927,0.0,157.327009324,136.625337999,11.5383827187,-180.0,95.7864550588,85.8753546491,-7.6833771438,135.0,32.9350075975,
4_surya#E_PV_8_Shot_1051.mp4 #0.0#48.6214247346,48.0778534726,45.0,75.7957351609,111.959098933,38.4702670718,-90.0,87.3590059745,
4_surya#H_PV_8_Shot_2053.mp4 #0.0#104.497663772,64.1497826242,0.0,162.805556636,112.041415266,47.498244094,-180.0,149.88826911,
4_sanchit#B_PV_2_Shot_294.mp4 #0.0#85.280748124,20.5254692443,45.0,38.9687367939,111.954103585,74.0621983962,0.0,54.7589830583,167.932225982,76.0647308087,-45.0,56.6677886694,164.737045762,18.5499864719,-135.0,74.6632777751,89.3035390591,18.6682715235,135.0,94.9270509841,
4_sanchit#B_PV_7_Shot_759.mp4 #0.0#20.144035149,32.0769267845,-90.0,120.874656865,109.29240384,33.8212876393,0.0,177.777105257,
4_sanchit#C_PV_2_Shot_1508.mp4 #0.0#26.3807085784,12.3072201208,135.0,74.2085862447,38.1198214014,70.6566675609,0.0,96.6691461974,152.752635959,79.0638643875,-45.0,102.273895727,156.175675911,26.0445848823,-135.0,86.4881168262,
4_sanchit#D_PV_8_Shot_451.mp4 #0.0#105.511720078,4.69500291831,-45.0,181.339517436,133.604784815,-10.4817610672,-180.0,95.2819325743,
4_sanchit#E_PV_8_Shot_1051.mp4 #0.0#56.4435634583,46.9976441856,45.0,113.959532042,121.023732399,31.7944193641,-90.0,109.112558963,157.186579926,13.0740741502,45.0,49.9590700027,
4_sanchit#I_PV_2_Shot_1439.mp4 #0.0#41.6637013648,41.5220865937,-180.0,21.8850958418,12.8750304826,39.2699581901,135.0,26.9683557138,33.6329733616,80.3993046524,0.0,67.2672933251,83.4976259271,88.6997932025,-45.0,51.6644278831,
1_natraj#B_PV_12_Shot_1537.mp4 #0.0#53.6461417513,57.898504202,0.0,77.0514990209,131.65107881,59.7577063567,-45.0,97.496907502,144.951508277,25.1980311896,-180.0,73.138210785,
1_natraj#B_PV_12_Shot_1710.mp4 #0.0#53.899228318,58.0854269857,0.0,89.5178098543,145.576048157,59.9462824216,-45.0,92.3416027149,181.457111063,16.6806974715,-90.0,45.3431526586,
1_natraj#B_PV_9_Shot_245.mp4 #0.0#23.0184221842,13.2648720204,135.0,47.7348512728,78.2381403193,65.384085144,0.0,138.403623027,155.603024816,73.9468873204,-45.0,67.3236879597,157.286161109,16.737626769,-180.0,67.6426798607,
1_natraj#C_PV_8_Shot_629.mp4 #1.0#108.410066025,30.2438925492,-45.0,178.320531394,
1_natraj#D_PV_2_Shot_1200.mp4 #0.0#107.888744358,10.8314555321,0.0,180.898684475,169.861614503,22.3878472599,135.0,35.6120300867,
1_natraj#D_PV_8_Shot_451.mp4 #0.0#90.683850731,26.7250058156,-45.0,176.392841608,129.738214223,5.75242446817,-180.0,100.50233564,
1_natraj#C_PV_2_Shot_4.mp4 #1.0#114.450255061,-7.18073666158,-180.0,36.44002391,55.4799837172,4.06442390387,135.0,104.727086311,61.1838947979,75.6925354179,0.0,97.6347155786,
3_soumyajit#B_PV_2_Shot_155.mp4 #0.0#40.2496974759,30.2808472186,-90.0,101.916491447,125.465818867,26.8611287687,0.0,124.998147493,154.635965246,50.0138796904,-135.0,87.225384736,
3_soumyajit#C_PV_2_Shot_990.mp4 #0.0#106.74325363,56.8802280825,-180.0,115.784918503,29.8299323581,37.6378340428,135.0,51.8854115027,46.1945981885,47.5625755041,0.0,100.619739365,
3_soumyajit#D_PV_2_Shot_1200.mp4 #0.0#80.5543979331,11.8533603068,-45.0,146.533893879,163.453751941,16.8431481013,0.0,30.5887784664,130.909865984,29.465493512,135.0,78.2072186094,
3_soumyajit#E_PV_8_Shot_763.mp4 #0.0#79.7129346013,54.2774175897,-180.0,90.0827018854,38.7279935904,-1.02188839615,-90.0,34.925288397,44.7269215176,32.1578202217,45.0,103.244009494,
3_soumyajit#F_PV_2_Shot_1516.mp4 #0.0#98.9639392943,34.9291283424,45.0,84.1707350754,103.906650918,79.9264814142,135.0,30.9116596357,71.6877427841,63.5656212294,-135.0,69.50127087,
3_soumyajit#F_PV_2_Shot_896.mp4 #0.0#122.33805462,34.1579103706,-90.0,113.79551589,132.417267559,45.9512525644,90.0,108.048459442,112.374295203,47.317101908,-135.0,76.0394960567,
3_soumyajit#H_PV_8_Shot_1018.mp4 #0.0#108.251098673,37.5074546691,0.0,158.389598943,168.505833576,82.9614845537,90.0,36.4296086304,110.167276901,73.4592865353,-180.0,76.8730656585,
2_vidula#C_PV_7_Shot_709.mp4 #1.0#81.3529411765,13.8859968766,-180.0,166.270059951,
2_vidula#E_PV_2_Shot_833.mp4 #0.0#105.793507408,30.9272972807,-45.0,87.9887006002,97.2315487218,20.6866097166,135.0,157.273544058,
2_vidula#F_PV_2_Shot_320.mp4 #0.0#105.537269685,36.5097130445,45.0,92.5949415997,78.4853734921,40.8321452037,-135.0,116.491810473,41.6568656773,31.8801981518,90.0,80.510883502,
2_vidula#F_PV_8_Shot_1563.mp4 #0.0#121.023637215,49.0417141412,90.0,52.5220300059,111.493243965,84.6504655631,90.0,20.0699973201,59.1135607136,54.4327871646,-180.0,118.46763353,
2_vidula#G_PV_8_Shot_325.mp4 #0.0#69.3780768146,24.9660963701,-180.0,105.58508232,41.5927581968,33.0497485787,0.0,80.7881953827,
2_vidula#H_PV_2_Shot_18.mp4 #1.0#145.401762008,16.2014183809,0.0,67.6605397821,134.92665748,5.84048394592,-180.0,88.2505578922,
1_aniket#B_PV_12_Shot_1537.mp4 #0.0#48.8975008904,65.5451973566,0.0,87.969488678,134.0781472,69.4824927465,-45.0,69.9659624391,159.136436453,25.0118907132,-180.0,34.0059493024,129.026726849,2.31721520983,-180.0,30.4653220983,106.263433074,-7.12262154282,-180.0,21.030043463,
1_aniket#B_PV_12_Shot_1710.mp4 #0.0#69.6414547223,69.2394284498,0.0,114.874254471,121.505685852,84.3788999879,-45.0,38.1743578293,164.413474998,58.2993227794,-45.0,49.2496300064,151.643096121,14.4214454493,-180.0,71.3033759,
1_aniket#C_PV_8_Shot_629.mp4 #0.0#49.4298506368,16.1725595854,135.0,33.1338476536,16.0344685022,31.2988353914,135.0,27.5658178434,21.0560796451,46.9990186199,0.0,36.4873818593,
1_aniket#D_PV_2_Shot_1200.mp4 #0.0#95.5943855197,2.3864138683,0.0,104.966264078,157.577506372,9.16584635653,0.0,39.8233693401,
1_aniket#D_PV_8_Shot_451.mp4 #0.0#122.019698771,21.0592143992,-45.0,185.182362659,126.468539407,1.79379695634,-180.0,110.73702627,
3_ameya2#B_PV_2_Shot_155.mp4 #0.0#56.119955881,35.6500808749,-45.0,115.664494178,109.157600112,40.5129794815,45.0,102.525990083,137.260540683,44.8174386293,-90.0,93.6446648421,
3_ameya2#C_PV_2_Shot_990.mp4 #0.0#99.4153562708,46.1802234789,-180.0,123.275899744,20.0501344265,27.5200658497,90.0,25.7298292254,70.4090187829,38.8130679072,-45.0,130.503482577,
3_ameya2#E_PV_8_Shot_763.mp4 #0.0#102.47476189,63.1154013329,-180.0,69.8236473864,70.9540983612,9.62537608773,-90.0,42.7980386682,69.0102629635,46.2206647935,90.0,105.009703718,
3_ameya2#F_PV_2_Shot_1516.mp4 #0.0#103.099880231,32.7250030747,0.0,95.9323170285,108.571145087,78.4359513053,135.0,36.8413368327,
5_prateek#B_PV_7_Shot_1315.mp4 #0.0#85.7844775434,39.007110099,-135.0,70.7666568853,88.2264012342,6.09996983687,-45.0,45.3435043466,146.647985336,17.2661838038,0.0,64.0558553142,152.279936236,73.1266454912,90.0,67.4683832111,
5_prateek#B_PV_8_Shot_479.mp4 #0.0#49.2947953347,22.8057616888,135.0,110.604278283,49.5473691446,66.8711100885,0.0,100.036989067,109.787409033,90.1970230203,-45.0,28.2147991903,147.26588119,80.2759169959,-45.0,41.2179172704,156.169518109,43.8110426157,-180.0,54.4353599415,
5_prateek#C_PV_8_Shot_234.mp4 #0.0#70.6845730045,60.8649115537,-180.0,180.182825901,68.6722624836,50.5922883656,-45.0,130.856074036,
5_prateek#D_PV_8_Shot_462.mp4 #0.0#103.149987147,-1.53059766246,-45.0,178.109553678,131.200186265,-11.7867511233,-180.0,102.442200005,
5_prateek#E_PV_9_Shot_1108.mp4 #0.0#127.003914021,43.7904793185,-180.0,117.826271329,84.1917259717,25.6363437028,45.0,75.7134834883,
5_prateek#F_PV_8_Shot_1171.mp4 #1.0#160.709873971,93.4765958794,0.0,23.092465798,
5_prateek#G_PV_12_Shot_165.mp4 #1.0#67.2127115556,25.5269800198,-180.0,125.516302807,9.62099071995,-4.73894139519,-45.0,27.4930536707,
5_prateek#H_PV_11_Shot_1231.mp4 #0.0#95.5570034428,23.7257829621,-180.0,153.320933935,23.2769906897,8.84668395551,90.0,39.5581212309,27.226708526,41.7556913076,0.0,39.537173265,44.2243983527,72.2648209341,45.0,39.9009365733,
3_ameya3#B_PV_2_Shot_155.mp4 #0.0#44.3971915018,44.6584373686,-45.0,104.258819706,101.771324041,54.1758562152,45.0,87.1414796979,117.619043993,43.7708097751,-90.0,87.3363157281,
3_ameya3#C_PV_2_Shot_990.mp4 #0.0#92.311744338,43.1351289978,-180.0,131.139540974,90.1385828892,38.7385735782,0.0,125.251099851,
3_ameya3#E_PV_8_Shot_763.mp4 #0.0#91.3862848613,61.5590561887,-180.0,53.1942294596,64.3169258891,17.4208838439,-90.0,39.3072575142,68.0596522097,42.9190873751,45.0,89.2229416113,
3_ameya3#F_PV_2_Shot_1516.mp4 #0.0#93.6400980515,10.1652496797,0.0,73.8133017271,120.948852347,76.5640463693,90.0,62.8416586132,
3_ameya3#H_PV_8_Shot_1018.mp4 #0.0#87.9949864557,-2.05569244698,0.0,80.4767402084,156.2606701,26.0089004615,45.0,58.9914520519,157.36827902,64.840484802,90.0,50.7346964135,91.1828788142,69.6705359161,-180.0,51.8142182362,
3_koustav1#B_PV_2_Shot_155.mp4 #0.0#58.1589741746,29.9403331701,-45.0,126.965257134,141.832208292,31.7898852759,45.0,113.11080185,173.739519791,84.8986626324,90.0,27.811000782,167.417864097,38.3824305777,-90.0,113.570623638,
3_koustav1#C_PV_2_Shot_990.mp4 #0.0#78.0252525151,54.2412351175,-180.0,171.060838614,57.4750078694,35.0880914533,-45.0,104.580540986,
3_koustav1#D_PV_2_Shot_1200.mp4 #0.0#90.467350773,23.2642599392,0.0,158.282500408,114.484771506,46.1532134963,135.0,111.690697776,
3_koustav1#E_PV_8_Shot_763.mp4 #0.0#87.068371142,59.5724389854,-180.0,89.5315078666,56.3215119111,15.020583816,-90.0,45.9852870949,59.7916487011,60.6424394245,45.0,89.811644215,
3_koustav1#F_PV_2_Shot_1516.mp4 #0.0#117.426279999,29.0611792919,90.0,57.9033301726,101.210830518,78.7014150561,90.0,47.0991181748,65.5737001457,89.2555387248,-135.0,22.0018978674,51.5613522266,43.3338772055,-135.0,72.1595447818,
3_koustav1#F_PV_2_Shot_896.mp4 #0.0#126.338676691,41.4865032182,-90.0,111.709054801,140.779125605,43.7200518859,90.0,102.891297643,142.777459288,61.6209452915,-90.0,56.7295148139,
3_koustav1#H_PV_8_Shot_1018.mp4 #0.0#125.162603663,35.7080397471,0.0,105.831237801,166.176567341,81.0619115618,90.0,35.9564705351,92.2497485079,54.276617153,-180.0,136.600332068,
3_koustav1#I_PV_2_Shot_255.mp4 #0.0#92.8123569461,60.051977458,135.0,134.031828806,25.27481761,85.5596401218,-180.0,41.8114250762,32.8451250185,29.8249670516,-45.0,76.3002637677,
4_bipin#B_PV_7_Shot_759.mp4 #0.0#44.366125978,27.4157011617,-45.0,82.4856701808,96.9611982319,-5.6075559442,-90.0,29.6333112492,149.059176126,15.4582900585,0.0,85.6735045683,162.20854378,73.8178855377,90.0,60.3304820411,
4_bipin#C_PV_2_Shot_1508.mp4 #0.0#137.475963105,18.2724300046,-180.0,109.435080155,38.137970381,23.2533771014,135.0,96.4562332585,70.1638189624,76.5732159886,0.0,127.537565687,129.942228123,69.4612681349,-135.0,31.3370724276,
4_bipin#D_PV_8_Shot_451.mp4 #0.0#104.130484607,46.2018679453,-45.0,179.557825866,142.459456111,5.9178509623,-180.0,82.6014291299,
4_bipin#E_PV_8_Shot_1051.mp4 #0.0#66.3536514498,53.2373303741,45.0,144.925660519,141.081193726,32.9203159907,-90.0,102.344068407,
5_neeraj#B_PV_7_Shot_1315.mp4 #0.0#121.529502165,48.1433353297,-90.0,106.417442309,158.010725828,5.59604581509,0.0,59.5367741843,153.397408234,63.1660882633,90.0,98.9881755746,
5_neeraj#B_PV_8_Shot_479.mp4 #0.0#45.4104562006,15.9490412427,135.0,96.8218467327,94.269153548,63.4288533194,0.0,172.691007422,177.124907582,62.9194011267,-180.0,30.1361817671,
5_neeraj#D_PV_8_Shot_462.mp4 #0.0#94.8109935796,22.8893499157,-45.0,182.68788482,128.971426503,2.63857532727,-180.0,103.031856766,
5_neeraj#E_PV_9_Shot_1108.mp4 #0.0#91.3649680916,55.1226135527,-180.0,66.4635113483,63.3051315207,10.7664830131,-135.0,41.9865159421,62.1471353578,40.7744275457,90.0,103.752443756,66.2393517752,82.6760135639,-90.0,23.7839883546,
5_neeraj#F_PV_8_Shot_1171.mp4 #0.0#89.8611654708,75.0170692789,0.0,171.648965745,174.272787099,67.4105732097,-180.0,25.9987770317,
5_neeraj#G_PV_12_Shot_165.mp4 #1.0#68.1045284685,27.3681761363,-180.0,130.332078037,30.4206968148,-4.30581856458,0.0,53.1396984334,
5_neeraj#H_PV_11_Shot_1231.mp4 #0.0#97.4655292287,31.4049519766,-180.0,149.436992174,8.8621955329,4.82673428346,135.0,21.6913826123,11.5395354731,22.6879618134,0.0,30.5707393907,32.685882362,55.7102090713,90.0,31.6581301699,
5_neeraj#I_PV_8_Shot_1005.mp4 #0.0#120.697957713,64.5765761717,-180.0,97.7455387356,46.4341916226,55.5028961499,135.0,59.7210072859,24.1624542229,75.8201760774,0.0,67.2887206318,94.4109976737,68.2754409986,-90.0,86.1048563023,
3_ameya1#B_PV_2_Shot_155.mp4 #0.0#45.4455230286,37.9487544932,-90.0,110.265768761,92.0797229922,40.6266874795,45.0,91.7350995087,118.778465888,51.0966987145,-90.0,89.9025617991,
3_ameya1#C_PV_2_Shot_990.mp4 #0.0#89.9904712619,48.8318046245,-180.0,117.704709085,21.1192892011,22.0786852549,90.0,23.8131586194,76.6895208784,38.664049606,0.0,105.570671835,
3_ameya1#E_PV_8_Shot_763.mp4 #0.0#101.916779369,50.4642490384,-180.0,86.4832651059,67.8480459377,39.9447190018,90.0,83.6866988524,
3_ameya1#F_PV_2_Shot_1516.mp4 #0.0#89.7835090135,17.2354147162,45.0,65.5106432496,98.7905510492,81.1601889181,90.0,40.8190125444,
3_ameya1#F_PV_2_Shot_896.mp4 #0.0#78.160811432,29.4072929806,-45.0,80.4451384859,105.060783281,47.6491027439,90.0,79.8559487276,80.2253545762,42.0076638284,-135.0,104.812609536,
2_mihir#B_PV_9_Shot_262.mp4 #0.0#86.9701044338,60.5668912311,135.0,146.907541679,18.997401361,63.1963109826,-135.0,59.7261835875,26.5008643771,13.5446682888,-45.0,35.787538115,
2_mihir#C_PV_7_Shot_709.mp4 #0.0#79.2229577037,70.2765239709,135.0,178.030906312,102.308301047,68.7060274268,-45.0,180.219647438,
2_mihir#D_PV_12_Shot_95.mp4 #0.0#16.8412975426,71.5658591129,-180.0,32.1760218864,110.920955716,66.4741440435,-45.0,179.717336337,
2_mihir#E_PV_2_Shot_833.mp4 #0.0#118.129683314,48.1356522782,-90.0,50.7517230019,70.6991269754,54.3556348196,90.0,93.257523525,
2_mihir#F_PV_2_Shot_320.mp4 #0.0#113.856696499,74.7654574295,90.0,68.8524135848,50.107332849,68.4881541504,90.0,54.0985644766,
2_mihir#F_PV_8_Shot_1563.mp4 #0.0#134.609401963,65.5319884813,90.0,56.9289518678,61.5863231453,52.538019445,-180.0,133.889502451,
2_tejaswinee#B_PV_9_Shot_262.mp4 #0.0#95.3665298667,44.4333604116,90.0,76.3708994545,40.1724905288,71.4932743595,-180.0,44.979983909,67.2512449685,33.011374206,0.0,81.6509951076,
2_tejaswinee#C_PV_7_Shot_709.mp4 #0.0#91.9749967605,19.3059830448,-180.0,176.652513208,84.6933365477,16.0278700172,0.0,161.926520991,
2_tejaswinee#D_PV_12_Shot_95.mp4 #1.0#85.7183739837,18.7696956616,0.0,148.439128113,
2_tejaswinee#F_PV_2_Shot_320.mp4 #0.0#126.027935965,42.3955176587,90.0,81.1728248462,77.1393568399,39.963831264,-135.0,102.462589863,35.793884162,44.4872496525,90.0,90.7133718719,
2_tejaswinee#F_PV_8_Shot_1563.mp4 #0.0#137.11446506,51.6052550259,90.0,81.1640101855,100.430448664,78.7865224303,-180.0,38.4794742,35.7339332181,55.0632955366,-180.0,26.9025089135,
2_tejaswinee#G_PV_8_Shot_325.mp4 #0.0#68.0627645053,26.7017245534,-180.0,139.493888851,33.2517215565,23.0997469527,0.0,58.4990521216,
2_tejaswinee#H_PV_2_Shot_18.mp4 #0.0#169.614184558,30.1360088249,45.0,32.7625128204,165.238216001,68.6486712893,90.0,38.0155097921,120.893820548,86.0092611641,-180.0,43.8260148735,
2_tejaswinee#I_PV_2_Shot_32.mp4 #0.0#123.923797291,29.3411979186,-135.0,81.5397471634,87.6417142856,30.6553924661,90.0,42.5257278908,35.0692793931,81.1584302812,135.0,36.4357196218,15.3530103384,74.3859242003,-45.0,23.3426518681,34.2587792278,56.2657710032,-90.0,28.1553907446,
1_pramod#B_PV_12_Shot_1537.mp4 #0.0#40.8984021292,62.7659962656,0.0,88.3882165291,134.379396526,69.4606100901,-45.0,86.2304794186,147.679847685,22.4080783023,-180.0,76.7672029892,
1_pramod#B_PV_12_Shot_1710.mp4 #0.0#42.207943614,69.7393586978,0.0,97.8736103075,136.183783572,74.2021618635,-45.0,98.2568157752,181.198370996,23.2152778599,-90.0,51.210417868,
1_pramod#B_PV_9_Shot_245.mp4 #0.0#52.4809676486,14.0719385191,135.0,89.9294805866,63.0173763265,80.9581398288,0.0,110.072347227,138.1261411,69.9310391192,-45.0,101.048217923,
1_pramod#C_PV_8_Shot_629.mp4 #1.0#75.7234990372,31.6755100418,0.0,132.554749232,
1_pramod#D_PV_2_Shot_1200.mp4 #0.0#92.1511229325,-2.08859779115,-45.0,90.8432985861,153.068599659,3.29545300398,0.0,32.811512377,
1_pramod#D_PV_8_Shot_451.mp4 #0.0#91.6007727111,24.2530263262,-45.0,177.928911813,131.638818732,-0.256709521456,-180.0,95.2250635205,
1_pramod#C_PV_2_Shot_4.mp4 #1.0#111.243874927,-1.60414650854,-180.0,43.9975283493,43.1446519578,15.2156483409,135.0,82.5767485563,44.3590555741,69.9733602632,0.0,93.7275554697,
2_jobin#B_PV_9_Shot_262.mp4 #0.0#102.455964205,45.411825292,90.0,114.797207775,30.2155313928,74.4142336088,-180.0,70.6070642531,10.8970535997,35.399262418,-90.0,35.7339705967,87.1899868196,41.2970524296,0.0,70.3963460151,
2_jobin#C_PV_7_Shot_709.mp4 #0.0#100.108882283,10.1158756135,-180.0,181.209632161,93.7452904628,8.23653247578,0.0,174.284213998,
2_jobin#F_PV_2_Shot_320.mp4 #0.0#148.942232141,22.5923167107,90.0,60.4644731481,127.186702005,71.4025982959,90.0,49.5401644981,96.0867485144,51.5505847825,-135.0,96.3958336027,63.4409829697,9.96073985969,90.0,38.7808292845,
2_jobin#F_PV_8_Shot_1563.mp4 #0.0#127.600883347,47.6353731524,90.0,44.100307987,109.882445236,79.4892025838,90.0,31.5739102311,60.5033602593,73.687450556,-180.0,88.2783045388,
2_jobin#G_PV_8_Shot_325.mp4 #0.0#93.2576445017,22.0421619986,-180.0,150.061502446,18.4020996937,8.59253859447,135.0,21.9499839052,19.4965593472,13.3755081939,0.0,26.8330387835,
2_jobin#H_PV_2_Shot_18.mp4 #0.0#148.954479913,21.8789310994,0.0,55.1697509215,157.112616552,67.2487531823,135.0,67.7968856713,
2_jobin#I_PV_2_Shot_32.mp4 #0.0#114.595412253,31.335626973,-135.0,97.6261592473,45.3829142925,41.7086043427,90.0,112.376796577,10.7493038705,58.7627445814,-90.0,54.2070406205,
3_ameya#B_PV_2_Shot_155.mp4 #0.0#51.6088664922,56.5638622785,-45.0,116.160996693,136.483102282,50.7903029805,45.0,100.280995308,156.079376333,49.0695004684,-135.0,98.1528201711,
3_ameya#C_PV_2_Shot_990.mp4 #0.0#104.028339655,49.1503343906,-180.0,121.55745949,32.9636266613,27.9145346771,90.0,25.0058882245,90.0080935061,41.4191803259,0.0,119.831712025,
3_ameya#E_PV_8_Shot_763.mp4 #0.0#117.22238106,57.2400613773,-180.0,93.7476517404,71.8339771832,6.27694892782,-90.0,31.8938531489,72.2181258129,42.9993747258,90.0,101.454694661,
3_ameya#F_PV_2_Shot_1516.mp4 #0.0#99.0193203504,22.6930746823,0.0,84.7019811032,114.104037633,75.9063354342,90.0,58.807969123,
3_ameya#H_PV_8_Shot_1018.mp4 #0.0#77.8009610728,5.25166111636,0.0,87.3098066008,139.871029693,27.8897485616,45.0,56.117306395,133.675419876,73.5704375669,135.0,67.4363519976,59.5903837856,61.7694107112,-135.0,83.2093877835,
5_mohak#B_PV_7_Shot_1315.mp4 #0.0#114.930631828,74.3200067946,-135.0,50.586685707,115.53747019,4.81996733442,-45.0,55.0845911011,158.854237521,5.39471912561,45.0,49.2181158462,159.935961724,64.4138251167,90.0,68.5225727129,
5_mohak#B_PV_8_Shot_479.mp4 #0.0#58.5314651232,14.0488326769,135.0,100.513859439,32.0100486824,46.4637333108,0.0,64.204333857,95.8835104384,78.8903310414,0.0,45.1336089159,158.592805205,87.482150665,-45.0,24.2670212791,
5_mohak#C_PV_8_Shot_234.mp4 #0.0#74.7185562866,70.8603964654,135.0,161.020686177,99.61598244,63.4591561014,-45.0,166.057844092,
5_mohak#D_PV_8_Shot_462.mp4 #0.0#106.42306059,31.7641514729,-45.0,172.220612956,128.420716065,8.32621064883,-180.0,73.6573497085,
5_mohak#E_PV_9_Shot_1108.mp4 #0.0#75.3226547851,34.3456805905,-135.0,117.940948345,52.2678546428,49.6921269997,45.0,100.400300234,
5_mohak#G_PV_12_Shot_165.mp4 #0.0#124.128518917,75.7683029842,-45.0,81.1530639759,95.0807224573,50.1292834275,-180.0,108.140519884,
5_mohak#H_PV_11_Shot_1231.mp4 #0.0#87.3714756308,29.3489663322,-180.0,140.066679242,22.6369984524,11.0885750671,135.0,49.3525808279,28.9933676373,63.5805196396,45.0,56.6732117326,
5_mohak#I_PV_8_Shot_1005.mp4 #0.0#114.330250812,73.3966659746,-180.0,57.5719700006,50.7676610784,64.4251374804,135.0,49.0394568236,43.879579596,89.4435369414,0.0,22.1564294504,
4_romil#B_PV_2_Shot_294.mp4 #0.0#93.0148319287,23.5556392488,45.0,66.8033238199,116.822642333,76.0807104752,0.0,59.5935613402,161.218089219,81.7602858259,-45.0,51.019856787,159.325415509,14.4009653427,-135.0,64.4697396694,82.2152368445,37.0972122706,90.0,122.729521502,17.4283954152,83.0146098794,-180.0,31.954334392,
4_romil#B_PV_7_Shot_759.mp4 #0.0#24.7041019048,49.8736936627,-90.0,106.609345108,128.006312211,28.6634191685,0.0,138.682570479,
4_romil#D_PV_8_Shot_451.mp4 #0.0#102.343254754,22.1321534096,-45.0,186.042706819,141.918060851,-3.35317961441,-180.0,87.628795004,84.8655436806,-8.3861170469,135.0,27.9399570523,
4_romil#E_PV_8_Shot_1051.mp4 #0.0#34.2816982782,42.0931343971,45.0,113.850794084,81.1569457896,48.4963361294,-90.0,74.2701213775,
4_romil#H_PV_8_Shot_2053.mp4 #0.0#78.217884384,53.0513813558,0.0,175.269675458,
